900
84 32
753 22
534 843
62 36
760 433
59 250
704 645
598 250
403 416
112 72
33 69
127 75
312 296
93 145
189 802
2 651
47 17
74 169
707 769
281 834
57 100
763 204
132 11
726 527
503 512
477 881
243 83
242 410
483 169
688 636
387 863
262 614
700 436
135 228
106 24
755 631
620 48
702 159
308 188
129 274
4 28
134 328
738 206
550 64
259 809
86 166
240 295
224 570
47 64
666 360
139 1
706 893
816 633
641 434
882 651
859 382
15 345
492 83
4 7
355 508
888 524
658 679
514 320
9 11
395 537
382 814
571 228
331 87
107 8
4 73
493 217
468 789
52 237
826 658
736 566
658 649
450 16
216 167
131 206
322 292
16 13
241 531
718 665
867 338
773 721
875 653
17 7
83 463
303 820
358 269
452 179
724 88
131 2
353 163
202 90
522 272
215 50
623 15
139 749
336 546
316 183
329 414
5 157
345 754
65 197
182 717
407 441
378 388
363 471
652 123
354 504
114 170
3 13
525 540
65 129
386 681
94 141
6 3
513 70
13 163
667 316
34 16
143 213
475 532
725 447
487 430
138 32
303 79
95 76
15 296
102 653
830 781
434 347
35 121
54 66
56 280
94 120
672 261
871 180
879 808
729 384
130 413
248 131
25 756
176 273
603 48
340 95
455 192
227 664
85 73
62 551
101 60
589 869
700 786
627 374
205 81
202 383
409 596
607 49
618 588
337 220
45 262
186 805
832 242
534 289
138 292
6 22
56 9
307 443
507 587
591 836
810 200
276 156
504 864
158 454
375 424
400 574
45 293
528 19
649 792
298 425
604 233
20 72
16 192
153 806
36 282
730 234
39 61
636 355
277 211
90 421
7 45
231 204
12 24
740 838
425 868
329 172
156 36
113 393
82 238
743 856
70 4
722 564
582 197
839 331
288 561
710 689
289 433
764 525
49 765
87 144
247 348
44 563
8 18
781 558
264 170
663 89
812 852
91 371
369 857
5 222
3 2
143 85
41 6
595 505
579 808
40 71
382 85
98 403
518 610
113 187
193 306
75 27
24 83
825 94
542 255
254 161
398 303
19 386
313 461
395 82
15 427
9 97
6 35
61 153
242 66
63 370
593 319
35 505
244 822
51 80
49 211
91 194
694 335
60 117
524 190
316 435
115 135
168 210
466 394
212 141
279 161
249 190
263 394
790 546
190 251
88 10
126 236
233 523
57 318
217 812
245 895
21 23
827 199
305 19
208 468
235 105
56 99
494 13
82 59
396 94
139 146
21 103
222 803
877 75
42 711
346 347
210 278
240 613
146 621
823 824
417 253
306 584
312 436
538 124
891 760
412 353
79 23
74 381
103 218
24 630
654 412
108 6
833 200
200 107
245 612
111 183
615 419
497 151
496 883
225 36
667 745
496 184
51 6
355 506
230 255
188 201
259 141
53 377
75 189
447 81
426 79
304 341
600 647
804 386
797 50
703 453
407 89
555 266
327 547
759 752
87 71
299 823
244 150
42 17
147 297
140 853
747 313
474 619
175 66
349 633
219 562
162 17
6 19
37 330
102 260
291 232
26 668
519 83
116 476
16 193
99 134
43 48
266 319
91 72
828 219
109 444
885 495
182 821
855 295
702 720
573 50
227 874
8 477
896 149
557 590
82 180
26 43
866 594
208 379
109 445
234 136
8 817
770 292
480 171
7 14
215 437
860 551
36 378
344 155
558 219
221 197
364 365
378 406
397 116
559 155
771 492
489 313
366 569
707 815
65 333
661 547
590 835
58 3
226 304
350 438
331 878
156 263
109 819
841 597
431 293
344 499
526 106
327 57
54 36
227 72
374 178
149 134
175 408
476 793
362 73
405 354
642 437
53 366
234 849
785 214
190 198
656 741
774 51
336 368
200 656
120 168
369 248
31 565
67 42
419 384
425 543
16 31
422 377
787 831
122 112
43 98
784 298
670 196
430 1
748 618
84 241
351 829
55 16
469 456
105 103
3 21
571 723
616 655
50 325
110 29
16 164
552 504
60 159
527 201
742 75
38 5
321 151
446 886
367 535
2 4
737 375
49 24
239 1
217 178
580 544
847 296
791 653
119 43
616 386
6 10
777 752
290 268
102 178
245 83
309 125
161 149
788 609
179 289
876 671
454 591
400 243
673 93
357 687
609 640
457 500
229 265
796 545
565 605
467 34
776 704
229 850
338 635
180 683
170 181
96 449
150 71
807 665
216 342
285 650
92 76
414 691
128 78
246 716
198 701
35 399
451 138
141 298
734 235
349 154
90 184
37 25
147 104
37 575
740 446
657 364
242 693
373 362
11 285
67 209
459 106
854 565
223 300
662 130
475 13
335 223
20 6
268 179
135 715
1 2
181 224
175 288
320 192
602 862
324 145
123 495
564 572
746 452
571 669
503 556
529 327
228 423
264 357
768 610
286 205
453 576
428 70
680 494
586 880
52 68
44 3
641 752
13 501
436 462
165 90
446 155
393 844
62 177
714 210
762 628
74 37
140 128
675 684
375 173
161 334
293 315
440 689
473 686
842 132
299 282
118 60
8 6
54 76
246 102
604 634
165 448
491 180
203 11
302 313
99 199
402 61
178 557
372 81
37 195
787 283
609 539
220 195
423 511
154 66
119 732
897 782
270 61
629 454
152 271
121 578
735 574
315 530
9 114
155 60
287 608
198 751
477 637
526 731
577 256
576 766
351 156
57 36
568 493
261 178
399 545
542 840
46 240
162 323
272 116
204 34
248 801
32 418
32 30
780 422
325 728
207 473
104 171
900 191
153 648
44 174
861 468
5 560
151 125
90 30
179 174
257 411
618 887
171 409
507 126
84 515
160 5
217 253
225 415
683 889
291 794
800 176
310 167
46 232
510 397
9 4
665 71
488 208
671 158
600 452
690 308
317 46
502 848
795 646
778 90
45 53
567 257
36 65
133 858
171 229
150 709
502 518
208 9
677 590
522 813
589 517
135 287
576 798
38 207
125 102
2 256
613 894
638 73
892 317
387 253
733 732
133 24
599 343
432 193
601 121
1 63
241 457
116 678
388 420
348 352
272 307
509 63
197 631
116 188
243 311
354 271
692 433
69 176
17 77
846 527
548 139
270 338
544 478
109 43
695 145
284 193
26 6
4 5
347 675
385 367
187 697
190 31
699 458
230 184
321 696
209 482
376 659
490 361
39 3
255 676
137 62
586 100
554 476
51 94
628 298
2 15
183 470
599 727
486 388
708 289
811 375
707 210
389 1
405 579
148 124
25 16
358 674
173 19
467 549
326 8
160 172
223 196
332 185
267 185
220 361
492 750
525 497
293 884
258 178
46 158
81 520
545 644
478 103
553 450
367 93
196 138
873 560
617 82
649 77
380 189
111 88
203 721
458 77
11 30
393 705
83 136
186 108
536 229
391 112
266 227
713 68
428 585
757 223
272 739
472 436
348 851
66 182
62 93
148 281
639 500
247 174
442 404
275 210
29 22
583 70
235 845
36 40
528 533
12 6
172 269
440 415
719 396
167 123
503 28
424 761
263 465
294 34
645 497
566 413
77 113
36 13
675 772
356 203
212 360
611 566
837 268
39 660
102 643
112 219
477 767
624 95
626 119
625 193
485 209
353 401
336 187
310 346
775 621
96 80
389 502
19 257
491 706
6 359
899 324
264 783
253 453
27 115
213 214
779 640
581 209
113 123
174 252
208 233
632 476
391 602
412 429
712 280
877 898
539 24
390 57
743 20
82 191
343 95
204 517
622 91
591 597
782 324
521 376
102 30
89 81
376 30
350 144
758 400
675 890
