1000 9882
160 950
731 1
695 490
57 50
111 227
592 884
960 813
599 14
780 676
927 535
665 604
995 485
906 286
910 382
569 56
398 402
695 648
938 143
740 55
613 783
209 569
935 443
104 273
216 363
821 210
289 481
514 364
610 519
386 605
350 794
190 931
996 977
891 18
600 947
753 21
751 518
946 404
618 841
434 192
566 697
294 860
795 217
133 466
227 267
175 43
251 401
539 220
633 681
766 975
307 272
39 889
795 487
104 593
179 842
681 396
115 584
171 810
19 852
567 904
788 971
734 139
918 82
957 696
598 714
729 521
503 47
736 379
818 369
512 908
549 495
993 253
392 794
671 924
488 995
659 828
702 866
889 941
376 856
693 613
289 871
578 935
150 628
559 920
675 183
287 677
626 923
55 649
360 881
741 442
264 562
637 121
919 756
241 328
591 408
967 569
489 650
678 564
806 633
540 525
815 645
726 288
397 556
327 303
19 6
350 980
526 910
797 11
800 785
712 509
994 731
905 97
321 99
907 932
591 988
80 278
354 237
762 734
897 884
178 959
910 116
787 235
196 431
288 306
85 966
402 326
900 473
541 473
654 232
12 380
238 677
959 719
943 202
786 371
867 356
981 500
343 927
714 17
680 897
398 708
131 971
596 29
766 709
89 597
187 480
746 54
961 537
504 92
624 381
239 444
221 193
559 745
641 308
422 839
277 64
194 766
466 891
104 490
380 725
606 607
210 372
263 130
656 358
396 545
955 306
663 637
658 376
640 234
401 730
542 129
157 189
983 113
569 293
690 184
650 110
542 16
599 65
143 239
461 504
707 480
52 171
471 675
455 222
21 624
798 856
342 180
995 929
806 327
20 440
683 136
649 8
65 209
262 533
621 444
624 608
682 64
249 413
66 829
319 605
435 112
259 446
499 805
744 680
946 348
855 748
252 903
457 377
455 290
867 162
889 350
943 121
623 737
754 592
97 819
364 367
827 897
258 156
188 221
904 662
28 566
446 797
558 616
383 418
899 413
672 513
782 586
879 962
475 408
357 759
852 266
802 547
805 956
802 28
315 416
448 591
547 297
440 591
41 720
315 273
922 363
114 993
447 308
233 120
286 242
966 528
769 244
105 369
609 501
599 662
966 931
835 121
82 286
780 931
195 69
858 399
142 636
470 857
533 117
682 593
20 24
295 166
837 555
228 155
574 722
884 462
632 415
209 306
769 688
897 507
817 652
892 64
694 714
351 509
78 607
436 157
165 377
260 556
539 548
132 118
83 992
139 914
356 404
213 109
164 551
165 202
900 115
861 706
679 465
352 958
478 18
878 595
130 661
947 653
83 687
890 37
66 547
570 857
567 641
917 946
297 269
904 803
162 917
2 202
24 942
166 601
757 79
614 631
580 675
601 328
31 853
245 205
790 130
408 444
217 873
676 237
624 310
509 300
480 30
558 9
427 633
559 304
766 364
92 107
693 671
589 542
701 624
280 916
443 352
483 655
745 288
232 397
214 557
361 47
72 86
625 958
384 114
257 484
920 164
314 255
833 901
380 908
82 901
404 492
632 221
171 427
890 961
216 816
630 903
721 985
668 736
890 816
233 775
518 102
160 806
434 624
760 959
733 707
846 994
960 861
12 910
816 541
519 657
114 484
367 554
5 83
709 88
378 337
325 694
787 97
800 980
854 155
584 619
706 836
151 847
243 790
359 680
431 47
804 523
753 997
627 956
530 256
24 726
648 486
136 730
681 261
13 12
417 899
597 958
525 177
107 78
952 715
663 39
79 940
761 189
210 845
969 392
983 926
760 259
293 385
84 837
654 585
213 679
609 226
936 878
120 17
900 856
968 986
3 599
533 391
50 550
841 817
846 2
258 571
794 665
561 301
659 541
570 64
841 879
663 969
688 59
228 204
980 819
911 499
436 785
608 354
113 644
935 457
60 901
423 53
446 238
553 75
347 876
824 442
808 991
695 457
733 694
898 877
593 3
960 778
688 281
748 681
87 377
274 182
592 965
384 666
169 916
668 490
890 566
651 764
449 420
202 399
567 749
184 55
955 834
425 179
707 293
178 557
416 922
53 347
202 179
459 988
366 792
716 188
645 136
80 422
209 710
891 942
31 745
81 216
114 637
448 961
579 541
820 273
104 687
17 36
382 902
662 564
455 718
459 651
39 963
444 61
912 279
623 703
901 351
313 962
631 710
999 866
896 827
415 509
532 995
917 603
79 896
444 259
852 384
488 659
213 714
128 55
624 239
625 570
666 460
387 741
362 7
269 761
862 712
210 83
358 475
250 688
15 846
235 428
272 434
827 32
976 678
439 830
710 671
475 202
315 357
428 188
929 481
682 552
793 146
704 627
389 295
851 388
640 235
366 131
132 607
722 363
371 811
264 559
696 562
46 832
894 516
695 557
474 211
646 243
812 271
299 484
327 707
912 905
160 878
33 208
108 620
622 262
930 433
803 933
716 450
581 407
683 139
811 478
830 78
959 814
159 918
610 972
795 399
83 948
577 174
193 593
246 51
908 530
835 754
250 62
195 851
614 524
476 524
207 396
65 939
265 609
840 823
322 626
783 483
924 347
451 743
657 48
415 320
736 599
3 66
923 149
780 314
799 494
670 994
782 728
571 391
623 117
692 717
418 710
386 360
462 135
200 297
155 739
563 856
234 46
602 158
969 209
400 852
534 107
457 773
884 996
119 574
76 652
296 532
888 78
11 59
598 989
729 866
328 901
862 966
612 957
793 253
167 349
120 295
267 226
641 49
436 683
54 238
909 807
354 780
281 386
621 970
569 727
149 379
831 371
696 718
159 566
614 341
848 505
96 638
205 180
685 746
561 932
673 226
30 289
507 436
146 290
129 528
313 243
759 354
137 61
468 585
150 181
363 661
569 34
8 302
264 952
781 717
929 954
821 252
436 158
386 742
556 526
536 853
322 436
895 977
221 674
592 314
705 125
578 229
784 620
303 972
649 90
491 420
350 489
978 942
135 647
891 711
213 831
696 471
364 317
67 561
330 125
633 892
540 216
300 597
159 219
156 721
909 45
987 821
436 305
455 551
580 684
926 944
527 627
733 346
417 400
330 351
336 784
944 735
687 377
304 382
468 449
914 679
892 365
833 163
360 550
500 82
591 252
399 758
628 342
794 480
66 818
580 465
219 875
880 623
132 866
8 848
615 201
484 349
309 278
873 511
573 693
564 796
785 845
517 738
257 276
461 204
135 271
369 124
569 755
963 320
441 96
906 58
949 248
53 51
492 629
21 725
761 964
65 973
981 727
284 361
161 466
464 985
332 916
241 140
375 571
1000 79
431 347
52 108
345 158
458 920
717 846
76 90
78 696
981 809
565 170
804 854
930 505
97 702
709 908
460 328
73 685
831 473
603 307
765 768
259 505
540 30
523 840
502 145
268 377
485 973
752 220
908 937
865 268
162 80
477 990
95 403
813 612
337 583
27 915
641 915
144 213
54 584
827 968
738 229
297 505
923 349
486 999
306 377
2 94
538 188
779 698
193 681
547 422
715 620
404 845
778 166
500 950
283 984
585 72
235 451
581 28
614 753
241 659
827 116
476 400
873 470
931 436
509 898
203 731
404 18
353 638
621 769
958 898
788 504
76 442
544 876
323 211
803 733
769 477
309 12
57 483
367 250
410 897
485 331
638 643
723 948
659 506
178 38
116 681
446 126
428 541
503 123
273 740
40 761
972 930
643 934
388 179
872 86
290 322
962 346
388 66
687 558
580 688
856 746
306 140
968 728
645 102
616 234
767 103
633 617
710 423
969 623
540 98
210 637
981 144
160 382
550 399
476 472
334 554
481 438
523 965
728 113
268 492
287 400
127 81
773 629
210 671
673 166
504 128
835 964
857 700
748 670
770 797
753 627
365 877
24 999
921 415
595 368
562 91
12 120
337 659
92 270
199 342
944 743
429 97
766 346
269 760
898 232
239 446
519 664
725 735
323 883
345 975
931 112
664 597
82 22
673 665
853 891
488 961
106 400
569 984
812 196
153 321
81 669
85 774
301 841
584 187
769 31
73 698
704 628
246 827
997 977
619 37
391 856
508 226
200 307
94 895
439 588
354 728
655 940
622 433
750 362
816 452
717 419
111 180
490 83
591 638
258 830
389 472
137 439
176 411
252 946
933 667
823 539
494 151
846 936
835 185
289 333
181 983
541 119
618 602
696 896
859 348
872 193
194 501
342 805
627 601
386 515
167 394
886 806
815 366
448 328
416 790
860 977
130 540
978 824
83 548
568 408
681 159
221 718
368 142
499 980
500 443
501 110
374 404
66 989
486 754
311 509
645 397
359 465
430 12
681 441
974 726
653 3
914 561
643 117
316 379
745 671
690 8
728 875
158 626
568 980
168 290
757 480
595 509
82 216
335 190
83 209
727 648
505 679
258 303
103 259
380 644
179 723
680 300
129 58
888 79
870 99
357 180
339 409
487 561
550 823
736 3
984 849
253 468
890 85
699 230
299 148
474 379
159 416
224 365
479 277
76 539
741 496
889 585
28 147
77 1000
43 24
716 913
122 755
637 144
350 515
612 498
812 748
261 114
290 173
130 815
494 290
774 305
119 115
657 582
605 904
731 373
15 180
734 564
91 978
207 732
722 656
517 519
19 286
167 430
674 606
571 998
203 410
847 925
922 580
726 810
895 929
877 342
558 595
979 506
981 328
782 923
531 409
515 892
700 288
867 337
529 72
328 407
115 625
369 673
667 198
460 888
671 381
835 924
701 827
945 361
82 752
896 659
630 620
978 499
399 753
521 955
685 248
818 475
768 105
849 503
940 970
171 61
64 637
708 446
919 392
676 860
474 340
111 921
330 156
379 465
231 592
509 878
147 471
628 228
495 431
355 600
780 577
833 693
612 688
211 845
431 516
397 948
56 778
863 513
440 425
4 746
388 841
392 268
873 821
454 574
614 810
683 52
722 594
461 446
302 642
431 346
146 406
907 661
523 540
599 361
69 814
35 914
146 41
934 470
866 504
478 125
902 515
79 244
892 443
92 999
222 102
488 480
687 984
230 605
909 366
293 153
411 322
61 424
792 903
903 737
760 406
177 146
140 98
72 952
589 845
491 830
457 226
724 133
763 650
605 227
514 234
852 256
961 675
46 511
783 926
811 765
707 572
619 344
171 577
771 975
632 29
465 458
376 859
323 948
604 67
876 728
953 461
865 963
521 689
295 266
797 708
449 638
394 41
272 645
208 259
847 121
209 94
708 176
34 899
256 137
24 149
33 89
623 52
751 99
38 970
788 432
7 965
636 417
503 122
530 626
15 462
238 253
129 607
984 665
449 442
692 482
160 179
983 317
930 427
18 177
751 833
20 423
167 272
902 973
542 356
485 701
894 859
735 349
147 796
105 749
541 180
464 616
216 249
14 44
181 517
187 968
95 67
961 33
264 175
302 491
504 473
891 785
179 141
364 247
40 197
437 845
226 240
136 760
933 493
628 971
774 931
900 762
889 417
681 517
509 496
798 4
538 366
442 443
267 316
819 379
254 444
77 726
617 632
571 347
590 677
314 992
558 71
128 868
898 152
738 603
172 405
836 188
429 258
768 655
629 995
171 727
577 840
923 868
194 620
747 408
50 712
272 594
607 956
777 571
395 462
985 952
870 41
767 570
662 434
792 132
870 305
798 18
678 49
794 925
209 203
750 474
769 681
20 357
313 695
935 465
48 678
117 968
686 897
138 955
126 926
507 136
949 465
588 183
137 619
587 82
459 109
262 520
781 568
189 769
251 143
520 318
632 834
852 627
1000 678
506 51
622 861
164 413
87 893
496 69
482 40
155 114
672 88
411 236
14 443
628 777
900 440
136 261
286 795
838 356
967 384
273 156
992 596
754 591
349 169
277 572
499 580
959 748
729 315
508 782
144 143
934 986
776 452
687 246
945 499
697 343
417 826
808 53
586 118
455 691
653 228
250 611
676 91
913 639
148 412
497 726
629 165
188 941
742 460
599 589
728 650
840 324
220 510
666 192
353 731
12 466
149 559
128 255
680 444
681 901
387 782
319 331
157 380
750 549
141 771
555 585
375 928
397 864
217 514
987 34
181 231
94 856
168 782
208 203
443 869
38 899
295 48
225 860
186 389
138 391
751 923
437 303
989 786
167 250
337 651
835 148
764 22
321 577
547 616
308 60
530 737
60 685
578 430
136 229
869 381
565 84
420 549
497 350
902 917
905 183
765 557
31 881
424 335
299 625
731 962
303 89
624 798
517 499
406 338
958 287
27 107
246 29
315 175
950 777
416 674
903 879
84 223
912 450
331 398
973 979
965 835
221 499
796 995
155 515
230 355
965 980
197 122
549 149
921 342
45 950
508 752
762 427
197 156
517 809
474 563
900 871
461 791
249 581
755 592
319 286
712 954
15 18
370 290
944 29
266 121
510 542
202 855
522 310
318 685
449 514
177 531
659 627
20 63
371 741
321 456
194 886
397 947
894 755
111 239
925 125
428 571
215 797
453 920
636 100
527 334
86 42
52 110
637 186
665 977
137 893
541 865
299 703
284 9
342 243
148 335
347 683
569 165
920 513
890 499
49 817
322 359
461 886
131 279
60 407
478 98
688 700
654 97
250 974
436 402
247 223
133 478
131 552
156 785
361 769
70 939
984 1
967 328
707 171
84 422
679 724
282 218
856 251
106 998
433 158
996 679
537 544
720 759
523 651
128 635
644 659
900 549
512 785
400 783
408 237
594 885
537 394
270 944
785 636
839 705
4 205
384 307
774 512
6 926
232 401
673 755
267 78
451 253
103 406
441 311
140 668
746 106
414 2
986 972
39 677
188 699
163 837
497 841
765 32
656 540
142 571
76 267
632 363
560 504
48 866
427 179
122 552
48 699
768 132
164 821
716 330
330 541
798 361
189 454
726 151
911 3
557 647
547 987
523 571
526 878
964 671
415 789
324 894
950 990
754 247
920 541
248 860
857 198
340 238
260 805
402 307
964 992
948 346
734 303
147 765
387 42
146 973
654 236
213 772
503 553
313 854
481 436
905 570
239 66
127 83
933 492
438 538
844 569
993 337
386 97
667 16
745 784
118 818
857 642
487 75
164 62
657 146
80 997
62 853
657 363
803 258
880 892
640 864
6 600
615 988
961 541
600 331
490 95
718 415
79 163
547 213
548 122
367 356
867 804
319 449
489 46
823 81
886 79
516 879
777 681
311 300
470 151
73 696
383 863
376 999
360 428
785 779
995 667
58 649
67 39
852 240
648 696
918 664
868 979
815 820
295 24
600 933
546 29
899 59
932 812
574 645
42 506
596 965
375 146
947 533
741 656
470 386
186 573
428 658
378 293
195 681
420 514
497 433
815 716
484 649
748 942
51 358
803 823
147 827
209 662
655 403
786 30
400 493
403 530
684 950
457 381
221 716
611 92
740 696
524 637
343 857
273 147
793 612
478 340
743 149
182 584
95 469
939 883
282 18
691 242
875 113
435 560
952 693
684 921
192 267
211 25
287 148
328 347
690 731
804 719
872 792
944 645
159 110
639 921
901 825
701 759
438 805
599 588
582 282
231 840
128 833
424 585
864 91
23 604
689 32
708 324
619 291
859 720
162 416
44 420
224 873
618 105
360 377
254 917
264 639
553 969
907 471
746 309
603 324
696 610
200 430
76 508
906 5
321 483
963 76
358 518
821 438
15 355
407 529
57 25
845 16
630 814
132 461
149 489
637 174
674 152
694 863
769 692
823 633
313 240
497 115
65 919
302 868
501 491
584 661
747 963
821 72
410 336
928 130
415 860
15 182
868 164
714 526
402 232
792 608
960 642
853 185
1000 643
947 956
273 923
127 420
218 576
751 606
38 479
532 958
528 981
981 229
485 982
568 438
970 374
657 306
95 299
814 447
68 694
429 995
412 727
507 723
188 605
226 185
891 585
325 163
552 249
550 292
718 650
886 460
889 88
373 183
143 278
909 187
883 630
833 221
573 270
455 480
426 925
80 941
10 604
887 978
869 567
456 396
555 1000
537 357
775 743
98 577
693 874
860 993
45 808
662 63
244 90
375 752
604 458
452 111
915 657
107 618
702 843
333 220
480 368
172 94
335 946
85 843
157 430
599 779
694 255
608 124
864 214
591 365
738 755
334 254
686 403
267 771
823 782
185 142
457 657
688 19
923 988
466 609
603 416
219 443
82 200
498 78
190 360
398 373
646 652
997 201
85 399
86 952
638 757
988 540
592 989
95 826
869 271
105 594
858 48
678 751
915 43
655 607
597 405
256 747
632 780
984 747
580 237
878 273
455 448
72 439
346 314
28 182
1000 767
52 828
843 27
881 172
166 386
28 293
804 646
165 972
128 553
796 802
679 727
813 609
279 197
380 713
210 841
84 978
178 427
73 71
678 484
757 53
480 79
852 479
374 623
594 882
762 460
34 477
676 924
550 957
607 676
832 690
119 802
685 889
384 163
49 697
409 784
893 904
529 519
220 342
537 12
901 531
812 114
124 314
345 515
471 455
239 91
688 63
393 917
929 315
252 214
552 954
219 391
565 888
570 174
347 379
673 175
903 565
414 991
271 114
384 670
88 744
161 364
241 62
187 330
494 954
490 855
472 246
421 131
445 29
643 606
881 255
829 375
244 649
652 656
675 881
805 510
75 145
117 224
630 333
278 342
316 157
965 760
801 527
680 872
324 523
972 496
277 550
26 358
429 811
88 211
343 805
515 950
218 858
662 699
848 701
886 389
890 199
179 941
734 217
917 615
573 197
867 504
706 934
374 728
16 126
850 388
334 318
201 54
992 775
585 825
594 967
277 361
741 948
628 668
432 462
231 982
552 495
843 743
780 199
395 35
362 914
179 760
295 458
757 299
997 764
528 135
840 185
253 950
676 775
806 978
70 276
721 746
385 727
533 612
764 584
34 195
309 331
133 669
815 533
964 169
52 483
492 666
38 522
868 845
650 408
465 214
485 283
803 762
163 539
648 697
209 201
851 742
836 370
510 817
169 619
838 783
981 655
753 357
901 459
151 572
100 132
319 890
569 123
808 733
401 281
437 747
539 607
42 29
575 437
133 226
318 166
303 214
770 489
968 759
330 718
773 914
540 931
726 914
492 124
293 125
596 634
28 254
505 255
485 945
568 411
198 170
37 120
312 601
41 125
135 671
744 572
212 498
365 556
954 519
248 454
585 969
406 544
809 241
773 598
867 391
795 418
31 892
303 763
434 886
110 927
218 929
757 124
775 621
188 841
580 731
526 920
303 616
287 151
70 301
110 782
629 50
138 406
477 698
92 412
294 976
645 846
617 747
520 687
398 132
267 56
650 738
128 834
861 496
555 685
349 668
560 837
415 348
637 361
853 796
180 904
635 26
200 116
831 409
832 617
410 539
194 590
305 431
536 285
241 553
280 91
747 535
280 202
794 344
554 236
909 670
377 827
263 528
512 36
167 857
533 338
935 98
497 114
705 565
958 193
704 992
66 457
735 497
898 960
369 56
189 269
299 341
1000 486
809 178
503 173
15 177
164 733
881 421
367 642
448 312
88 847
291 722
311 655
312 791
42 128
373 882
493 614
948 364
55 102
273 92
313 691
540 54
31 685
195 819
325 896
914 223
218 752
66 572
909 472
896 985
308 993
229 86
577 424
260 908
942 352
176 591
249 15
856 225
13 116
59 282
866 902
260 531
301 441
362 185
932 237
187 657
554 571
358 133
947 488
107 391
572 971
990 462
205 558
991 915
979 59
33 901
474 561
556 471
101 510
859 654
716 781
771 980
778 71
689 67
963 380
652 410
896 291
805 701
534 341
257 511
43 458
775 21
135 506
770 912
910 772
897 143
592 545
764 999
858 364
860 33
114 511
321 462
926 189
820 928
832 217
968 883
716 721
25 581
204 445
837 515
461 298
778 508
981 723
380 222
933 592
57 165
720 163
137 93
527 328
485 371
796 383
375 458
831 591
684 992
867 295
829 737
117 575
890 497
709 859
636 237
164 576
551 340
117 672
935 81
31 752
778 172
363 288
60 781
644 89
518 566
304 533
874 700
765 785
342 578
398 976
627 816
277 513
903 845
460 697
563 216
434 988
738 14
386 923
848 722
387 494
690 237
948 533
957 650
420 110
519 914
760 570
541 642
824 807
218 921
42 438
170 772
316 697
656 195
340 692
287 111
533 899
791 335
850 265
79 201
7 348
391 61
656 82
861 391
629 155
242 251
143 105
376 239
505 973
950 199
441 309
595 148
667 739
837 805
357 201
289 889
557 176
23 756
547 998
31 281
215 108
343 27
971 722
474 422
458 995
924 708
158 148
416 467
141 848
533 424
212 837
795 525
177 910
363 819
694 917
39 96
920 978
260 339
759 689
25 754
531 824
299 115
38 856
83 833
564 304
857 298
5 446
934 358
566 637
15 233
790 801
663 329
539 483
28 100
545 182
677 337
92 855
18 78
365 293
459 928
575 374
446 702
674 645
723 604
887 337
691 506
821 579
71 356
633 331
541 580
778 822
795 473
672 652
280 856
53 907
918 385
442 326
671 759
619 138
379 993
505 286
770 136
369 872
541 791
410 267
196 376
215 460
785 461
325 412
55 39
2 977
205 758
337 454
373 864
49 74
512 622
931 116
235 419
755 664
862 604
261 565
11 18
824 799
5 373
381 6
258 280
383 968
646 680
578 786
106 303
409 770
987 170
73 702
827 261
86 660
859 916
72 482
91 743
493 366
12 489
883 26
276 244
295 184
578 564
190 342
779 247
428 479
855 64
747 699
416 511
900 25
780 812
946 899
375 255
980 963
964 328
394 115
660 961
294 323
367 907
574 888
638 562
532 251
458 584
419 962
346 328
617 501
659 248
669 943
963 366
855 900
87 638
661 699
831 262
527 166
394 878
772 95
944 851
366 816
192 833
579 623
342 539
274 347
539 237
943 7
892 621
567 699
161 843
571 700
349 166
795 52
268 396
586 403
87 930
504 360
149 639
666 267
424 146
244 819
689 922
446 775
235 208
493 376
499 359
939 898
162 621
213 535
331 850
387 708
942 150
728 798
13 861
533 955
681 744
846 306
258 299
791 375
959 367
617 746
229 276
582 280
197 822
552 347
219 179
771 520
6 247
542 965
798 339
804 310
717 353
681 795
487 842
650 298
778 231
372 450
530 772
938 481
595 938
100 500
372 625
896 842
637 59
357 853
347 309
789 854
666 307
298 979
495 335
655 829
109 275
761 247
33 73
324 914
971 329
899 756
960 998
122 977
817 791
331 71
403 338
833 281
652 891
822 77
149 685
441 628
329 917
578 79
744 891
776 792
754 396
666 986
776 54
317 138
65 465
302 294
172 916
221 302
848 600
909 471
468 121
679 557
334 614
525 135
504 845
184 671
446 16
60 50
871 410
84 952
806 479
753 575
956 244
796 621
871 491
179 533
499 496
462 228
338 78
727 680
893 640
226 451
642 54
384 298
112 623
774 539
324 28
997 320
510 291
438 12
868 593
371 91
580 365
284 930
270 757
197 955
608 126
419 497
668 984
81 146
603 309
766 195
282 474
225 659
376 545
217 611
802 533
399 177
205 194
77 736
501 523
765 394
878 219
570 136
906 182
601 566
213 391
471 752
833 332
848 105
298 70
959 143
963 840
485 564
786 819
623 242
591 848
777 12
959 796
764 420
948 35
342 246
26 767
514 929
30 947
588 73
407 614
369 773
722 771
890 353
175 67
160 504
269 186
677 269
44 269
442 734
557 979
766 871
307 488
900 371
424 76
641 637
335 318
762 22
302 173
783 550
696 504
435 332
519 892
300 566
937 257
984 435
235 11
715 218
631 617
615 804
728 952
608 734
951 358
168 367
850 375
57 980
763 654
875 968
400 770
20 555
40 297
828 322
903 272
814 917
84 690
289 542
987 419
954 280
257 56
173 682
487 740
328 115
348 366
223 770
974 206
560 782
297 952
267 208
346 379
788 278
863 818
404 31
941 272
907 384
957 842
20 111
405 947
9 506
120 467
854 642
157 210
787 806
489 738
987 111
96 588
578 576
558 283
543 258
584 497
398 343
397 509
424 974
77 940
812 289
869 464
289 164
853 516
735 456
293 357
648 844
404 17
373 535
48 924
527 476
549 564
405 824
860 859
960 605
193 34
446 300
801 291
967 122
517 423
84 316
691 332
584 796
658 127
1 768
856 933
535 711
444 68
65 409
856 444
90 890
342 623
681 55
238 684
24 63
374 316
398 604
24 893
666 308
577 407
226 383
482 981
412 904
640 926
560 750
334 713
317 517
983 740
823 845
129 311
535 139
277 375
876 13
908 63
816 960
989 164
168 474
633 138
63 747
600 509
167 569
779 443
637 323
145 567
518 222
325 252
580 70
250 623
393 948
689 394
188 15
163 635
642 768
20 924
101 23
124 344
34 48
162 125
626 950
642 947
21 310
684 26
465 995
134 255
773 516
637 206
824 493
822 136
91 190
592 889
704 791
355 741
962 263
467 927
161 44
932 815
332 19
302 847
857 404
935 201
562 835
427 446
349 60
878 237
209 634
191 446
268 585
711 311
789 500
882 803
89 77
974 538
937 159
193 191
273 7
402 421
558 568
444 104
411 145
196 862
610 155
334 523
53 94
801 666
330 210
495 764
378 761
961 988
657 443
783 655
66 510
409 146
46 89
609 179
936 157
495 978
504 127
196 349
182 280
58 282
774 572
701 756
991 617
653 369
604 481
749 776
959 859
956 422
850 97
334 118
279 691
100 228
819 998
327 795
43 480
832 619
742 34
855 257
68 949
857 688
348 453
133 767
501 981
657 277
450 277
221 147
713 393
253 320
295 95
578 537
815 868
322 135
458 651
76 334
756 664
933 698
351 341
665 936
65 916
483 165
359 846
123 7
498 922
148 405
872 147
885 943
881 91
321 44
462 204
631 200
625 94
645 185
904 125
632 866
863 323
643 408
978 793
740 712
433 404
30 886
930 800
805 436
166 374
796 217
841 480
663 171
350 354
979 366
192 76
67 872
874 632
253 621
53 849
964 210
710 29
970 934
224 204
188 879
559 328
857 616
508 524
185 727
814 126
525 505
998 50
181 401
211 732
908 342
16 870
825 419
770 403
186 90
667 537
259 225
936 634
751 263
628 114
846 41
629 935
632 117
907 103
391 782
253 499
558 273
133 723
962 429
313 157
871 575
142 547
803 295
590 93
208 171
100 489
87 253
237 277
837 294
775 330
729 933
621 714
587 582
592 976
845 386
60 734
740 168
81 349
389 172
946 731
484 878
530 410
772 355
994 719
673 482
511 644
246 339
715 248
41 409
943 472
776 211
703 504
700 338
667 411
279 81
98 484
508 963
159 479
17 194
457 395
60 96
407 781
141 161
969 288
847 259
480 211
40 195
407 866
696 602
654 417
966 407
35 307
509 344
862 324
757 50
618 477
27 695
529 841
311 119
55 757
676 427
488 604
120 604
714 342
280 840
998 102
837 428
965 359
345 870
567 215
54 910
755 815
406 237
998 241
962 485
719 471
713 586
807 469
777 514
871 978
31 283
34 45
644 385
972 619
406 76
284 677
158 154
676 595
968 170
719 607
557 336
116 512
9 330
212 839
263 453
233 740
877 691
646 14
613 73
940 495
146 356
55 980
42 405
354 387
339 958
194 120
88 747
217 905
207 181
998 799
69 781
929 868
83 507
434 854
240 373
714 903
687 677
528 882
428 968
820 506
273 905
146 153
196 791
325 90
302 790
169 89
378 961
584 228
571 658
206 568
904 787
390 565
731 892
404 666
135 602
743 257
691 154
456 745
628 583
793 686
500 242
638 440
141 349
306 279
145 659
636 466
187 504
408 507
82 238
248 250
598 750
379 848
234 53
699 389
844 874
991 981
12 340
665 134
186 556
707 543
618 238
290 197
608 72
664 970
202 905
8 878
426 517
297 923
543 50
466 770
68 82
965 492
125 31
21 452
617 959
449 605
622 456
811 779
63 174
559 821
319 48
301 613
87 52
609 572
722 501
584 494
267 554
979 413
769 684
593 96
481 846
780 728
82 999
378 446
494 264
521 202
264 899
356 361
838 925
786 888
369 226
904 243
133 239
517 232
637 888
724 809
195 570
169 890
15 149
441 606
481 665
473 70
450 660
605 832
326 355
983 972
222 400
819 535
345 968
729 28
269 193
587 74
458 10
558 569
170 646
687 927
799 689
585 637
378 997
452 556
957 898
974 681
131 113
973 810
577 449
709 708
123 539
487 26
291 887
843 258
719 415
62 746
714 61
257 980
443 1
300 910
239 331
339 208
833 451
645 180
435 677
989 22
239 619
945 208
199 41
712 677
430 872
804 986
261 533
842 296
912 712
872 939
101 455
874 217
124 552
434 550
418 931
352 163
153 438
764 760
249 547
77 303
419 306
478 950
390 84
584 221
85 860
392 568
788 446
366 166
685 850
217 694
664 115
630 802
77 994
629 661
647 282
931 10
873 835
308 138
589 359
116 751
994 918
872 5
467 811
786 973
234 798
592 900
76 45
829 617
482 372
467 664
783 8
606 971
513 572
277 935
696 17
626 494
132 13
216 182
485 99
550 239
754 394
576 598
126 557
100 616
183 480
855 648
70 832
400 348
937 11
386 771
524 541
620 502
896 988
553 59
120 688
27 908
49 724
126 458
951 751
222 244
98 379
943 891
411 410
430 170
550 683
679 781
349 426
499 325
406 147
511 20
136 915
671 653
323 531
819 694
503 929
487 284
295 681
847 76
789 597
962 998
505 581
159 78
343 701
291 478
864 396
353 649
742 493
637 665
125 485
92 18
738 540
64 627
672 882
508 322
751 262
254 810
278 527
664 770
665 495
647 203
120 330
980 688
863 873
299 246
648 378
232 147
328 646
846 200
573 912
629 75
414 852
329 968
459 381
722 445
142 21
512 3
478 502
21 591
513 751
682 238
683 187
939 213
463 691
466 700
768 475
309 183
644 294
593 330
186 864
999 690
601 839
716 144
791 678
956 40
443 540
285 541
536 581
595 706
848 951
717 651
74 870
815 2
946 239
529 413
586 326
416 562
886 445
230 689
111 321
965 802
701 1000
44 557
453 226
429 229
359 100
681 260
476 128
614 410
582 929
852 475
211 469
962 249
330 461
577 580
853 614
836 823
605 110
163 39
654 617
979 841
319 424
803 23
831 589
776 989
64 607
874 368
413 804
604 89
737 376
395 169
793 190
703 647
357 71
241 502
58 164
542 146
779 204
780 611
760 338
487 853
947 327
96 590
119 977
925 171
33 83
879 164
241 208
976 141
958 781
261 35
177 796
596 797
428 683
530 511
882 938
935 180
811 490
367 610
89 198
716 37
832 889
402 157
422 216
575 482
136 49
65 125
910 125
877 246
255 678
875 477
677 303
863 180
187 575
539 258
875 829
917 897
28 436
564 155
586 378
217 501
715 338
933 407
194 275
331 589
210 662
321 599
1 593
572 168
705 457
101 704
871 476
893 612
310 372
644 636
338 133
619 28
582 160
205 755
387 634
615 40
743 119
305 165
713 32
897 953
37 742
775 952
979 869
413 919
324 86
609 480
59 771
436 566
79 460
724 535
546 499
138 696
489 418
458 947
111 991
457 732
685 988
45 445
301 979
802 216
397 788
309 504
208 229
318 366
980 863
893 138
986 284
789 831
526 642
964 331
234 260
333 292
867 123
692 349
659 140
181 976
682 791
313 328
976 504
631 344
434 460
911 98
952 113
155 298
947 822
89 34
470 353
787 161
401 174
94 333
703 349
248 893
544 442
925 755
913 135
515 619
200 980
4 236
959 564
912 589
456 985
274 342
244 536
63 838
767 332
288 454
640 875
815 77
199 784
438 584
978 597
615 648
436 879
749 706
286 789
643 237
979 197
482 182
678 465
2 110
990 327
442 345
373 335
28 702
912 9
487 507
755 603
280 739
634 356
693 785
569 803
371 211
265 943
127 694
862 575
520 700
957 985
842 523
440 711
614 31
335 586
916 133
862 857
404 465
155 861
229 68
342 394
360 397
267 875
581 491
343 167
150 676
11 366
858 263
678 538
881 750
203 966
848 497
484 997
124 92
848 267
578 749
744 49
781 884
782 439
858 89
752 748
711 669
238 191
226 671
522 848
905 40
284 35
982 78
621 262
472 771
972 112
907 642
155 310
857 144
52 950
588 32
221 521
136 457
433 569
450 761
553 280
865 542
494 758
691 390
216 38
507 633
678 128
165 979
683 538
278 274
814 448
984 43
623 780
130 285
121 243
687 35
726 527
269 966
715 282
199 533
776 486
460 887
173 362
60 715
205 601
116 340
410 223
795 664
801 902
969 100
192 396
71 732
478 742
62 993
304 197
828 480
37 557
477 438
636 222
846 444
275 565
681 602
756 58
918 793
597 455
38 893
230 161
488 768
533 190
836 939
171 277
870 401
263 317
927 874
430 726
713 474
362 648
200 227
309 399
493 418
76 398
662 397
668 842
794 573
889 761
323 255
416 459
642 633
924 531
816 940
376 659
150 170
18 418
733 681
203 994
919 808
543 696
322 44
809 469
253 770
787 394
523 388
255 610
323 426
364 710
185 333
572 922
716 2
40 547
190 937
621 123
35 872
199 37
806 23
790 648
796 440
159 234
749 471
217 52
857 910
113 398
903 841
83 338
778 798
677 108
793 551
539 71
945 428
728 12
451 679
899 79
629 468
61 392
358 202
642 503
93 23
645 736
781 610
983 690
126 193
112 575
496 990
281 6
786 56
239 275
352 253
760 234
104 526
328 118
838 694
721 641
722 90
965 502
401 859
953 470
863 831
737 383
963 237
432 867
569 678
67 49
159 609
682 542
459 395
573 947
206 644
542 34
97 90
911 363
933 751
699 517
829 974
703 424
479 853
65 460
18 281
425 383
931 164
755 282
938 198
132 273
671 428
617 285
393 203
552 687
886 931
47 855
330 761
826 738
645 110
481 627
374 230
244 569
89 118
312 723
840 568
692 190
957 46
226 24
814 393
528 530
981 152
451 869
435 316
238 284
408 198
801 755
641 838
490 276
576 981
645 546
403 843
170 962
325 102
892 160
671 695
801 989
804 20
366 733
349 401
996 892
652 160
214 785
408 364
524 106
373 396
984 607
491 561
864 437
516 710
996 594
258 914
751 456
73 721
96 158
405 242
512 640
694 184
318 668
474 390
917 248
615 495
229 176
803 737
732 265
949 228
932 987
129 914
727 6
894 525
660 973
647 321
526 562
748 646
506 745
274 147
991 643
892 165
251 23
795 972
796 419
372 989
216 301
179 419
230 818
843 501
251 986
919 276
244 746
744 658
818 649
530 21
2 474
535 740
376 409
244 537
359 376
213 324
736 753
847 679
502 320
931 728
790 269
22 251
539 15
316 412
673 184
514 323
993 480
447 971
339 210
802 710
343 554
73 2
926 639
92 409
42 866
650 613
387 601
318 975
177 445
198 726
417 398
234 791
131 604
885 453
723 406
339 417
585 409
958 139
185 779
243 61
997 876
305 418
242 895
523 44
453 651
116 971
780 548
273 634
518 112
261 233
673 249
270 345
273 523
399 127
898 810
169 586
542 746
464 378
564 325
32 350
506 269
52 145
125 613
274 247
404 877
220 863
114 502
778 295
707 343
873 611
798 717
435 41
200 866
960 664
377 378
543 795
602 325
244 718
63 567
283 26
783 345
92 906
365 634
938 722
80 758
541 407
869 826
141 41
774 979
192 79
121 95
249 18
1000 822
586 435
219 678
787 632
26 202
601 342
618 813
72 900
309 857
273 403
650 807
761 24
409 115
718 369
692 682
720 943
200 52
758 959
651 467
73 266
625 981
468 881
112 611
847 255
201 383
926 746
803 14
665 78
613 414
436 557
633 304
693 534
710 732
123 339
723 291
513 33
972 578
20 87
834 639
621 933
416 460
313 52
685 692
980 912
712 238
190 706
38 934
425 419
8 661
707 21
657 760
309 209
534 938
848 109
575 234
816 651
639 935
640 377
610 683
147 923
705 645
209 566
981 816
654 54
958 448
687 642
523 613
319 526
682 378
415 975
866 355
620 850
304 888
527 154
182 889
476 606
412 642
494 659
890 220
925 555
433 437
771 349
844 701
259 113
61 165
45 608
785 41
202 77
847 671
29 972
925 845
164 1
538 274
850 480
616 706
639 174
418 660
36 91
480 610
922 100
852 485
980 274
568 916
698 975
510 97
681 667
311 112
791 330
338 46
672 946
783 998
205 350
641 889
400 548
366 915
96 243
194 781
11 122
584 413
591 335
958 582
885 558
614 36
724 620
11 203
505 818
896 179
55 642
223 556
594 432
355 636
780 541
878 905
401 644
225 786
450 203
587 918
4 694
816 728
176 506
489 512
553 923
422 508
337 724
136 632
274 63
746 619
169 787
612 1
481 513
587 325
897 446
91 530
648 223
596 765
189 161
999 720
785 157
587 466
94 230
23 318
133 426
981 54
951 898
37 78
485 438
493 636
979 461
853 492
530 65
587 48
64 211
389 722
545 516
785 21
288 555
957 375
92 737
454 504
628 979
386 120
829 196
282 57
305 872
110 901
515 973
93 201
793 691
477 170
813 720
597 713
527 690
776 526
412 780
323 749
784 105
221 214
421 948
278 775
753 356
120 55
926 659
371 102
603 595
234 210
241 694
650 672
278 609
814 663
150 248
430 668
876 820
56 637
399 471
78 146
330 430
966 973
24 74
8 591
100 477
673 867
157 178
306 952
492 551
932 964
310 976
467 931
324 532
469 634
82 994
912 899
380 259
661 484
105 524
578 322
798 839
88 714
750 60
588 175
295 618
367 628
151 939
172 646
527 60
320 284
563 456
18 943
554 13
200 605
448 496
66 931
112 45
683 560
655 108
816 360
541 434
782 900
911 918
193 113
573 1
903 656
540 206
465 940
562 274
174 948
601 456
468 209
896 866
479 405
719 408
649 578
923 367
106 825
164 89
93 45
793 655
581 3
932 342
710 68
69 68
917 758
762 415
549 669
106 219
642 47
457 819
314 908
177 444
508 458
552 320
606 663
488 819
873 260
466 850
585 408
588 951
287 855
864 193
516 842
497 552
739 225
225 537
64 921
211 602
794 380
256 43
774 237
851 426
513 117
733 978
794 598
997 77
85 515
237 840
368 569
185 85
60 839
802 476
87 330
720 189
42 473
425 471
604 583
164 884
165 413
592 903
366 374
544 762
835 301
88 678
964 591
389 628
847 591
610 631
52 757
22 745
848 160
527 16
30 600
70 677
426 447
181 724
496 10
973 536
616 299
278 417
87 895
44 806
425 828
28 335
529 438
2 593
127 131
204 648
889 496
282 206
637 440
670 949
982 635
179 890
426 357
737 804
520 798
151 480
101 693
118 893
767 323
197 98
454 339
283 398
153 196
151 337
227 983
102 289
726 662
468 459
63 734
887 856
504 415
732 799
861 445
220 43
21 182
405 87
267 90
589 531
145 890
405 184
634 600
121 523
853 826
180 632
955 490
668 981
941 295
673 969
750 713
838 490
135 257
391 667
200 372
509 726
989 684
591 392
480 964
544 969
545 352
531 693
146 749
60 875
794 989
27 888
471 655
945 477
223 382
703 32
204 766
356 349
798 780
30 666
476 906
994 715
498 954
944 601
825 291
13 974
644 176
44 996
961 92
146 192
830 878
208 521
669 692
528 552
140 422
144 801
416 710
517 352
847 745
615 637
942 279
389 765
475 667
620 469
162 861
325 255
829 191
33 852
344 791
674 218
224 381
988 375
326 874
366 711
516 462
184 815
779 692
563 877
568 917
3 895
357 785
12 172
36 314
755 642
242 595
405 107
525 362
141 609
953 619
220 446
537 100
24 337
703 509
487 624
698 145
659 188
24 448
941 267
335 524
266 5
90 833
916 191
755 81
21 285
389 345
748 324
578 605
820 898
656 931
587 905
807 132
110 512
976 128
996 67
320 740
941 958
212 946
603 163
754 13
411 775
219 917
267 736
753 195
809 689
187 212
657 517
142 127
806 166
541 139
672 960
32 101
549 640
18 72
789 332
759 243
874 779
782 62
927 508
834 345
877 277
757 847
204 577
425 884
338 463
781 207
625 469
537 923
847 370
743 317
301 362
654 278
522 760
585 47
425 534
870 896
410 226
799 396
505 288
390 482
732 929
14 992
408 511
945 921
357 932
548 19
244 252
757 387
116 61
46 288
289 669
534 64
698 851
435 875
607 641
577 982
470 916
253 85
400 513
148 231
478 778
59 772
561 122
646 829
669 500
300 377
410 713
693 510
220 672
829 782
920 22
149 364
613 183
480 541
264 730
64 860
229 190
341 980
203 991
132 465
265 240
543 749
929 73
473 373
509 527
717 42
133 969
885 980
651 644
119 666
158 404
754 49
493 27
807 863
924 891
262 630
86 106
783 48
342 192
717 326
878 353
455 496
496 239
242 511
761 597
52 844
491 292
666 960
722 964
249 282
356 730
216 77
434 188
316 184
178 185
487 129
861 916
790 400
738 65
756 310
602 560
126 466
737 799
727 956
361 739
336 815
460 989
709 482
698 533
898 83
257 857
573 339
997 551
248 26
722 367
508 596
179 684
110 640
275 941
348 13
594 821
932 293
495 191
81 799
432 207
140 656
141 681
964 101
286 9
314 634
147 453
96 299
354 771
485 215
328 878
778 112
920 950
738 952
320 701
393 39
970 772
52 236
643 963
674 64
656 955
150 901
981 681
963 850
747 955
675 65
705 703
248 958
292 85
174 533
29 494
791 670
350 186
543 773
436 391
530 550
147 716
762 909
598 255
140 387
991 452
739 439
500 481
139 765
140 274
217 385
793 584
666 710
630 63
830 941
243 549
230 649
955 636
487 58
490 362
808 139
516 324
996 976
499 728
671 876
488 295
407 714
144 386
961 733
159 74
846 272
427 642
716 549
908 339
358 414
107 392
876 110
560 792
888 117
488 771
305 371
626 537
276 84
111 16
445 732
358 587
967 699
343 253
423 5
9 337
105 312
416 317
308 251
111 246
919 805
96 533
425 417
646 324
228 50
963 929
450 20
218 232
932 876
441 847
460 157
104 143
322 90
218 155
789 598
276 639
388 81
611 337
106 45
86 269
865 718
510 895
433 602
485 865
668 350
830 879
977 713
445 467
283 504
820 257
131 498
252 963
786 148
808 329
246 225
66 539
343 793
14 747
334 580
808 103
735 692
149 689
794 134
61 389
176 753
885 480
880 841
478 566
124 910
736 264
234 109
508 412
201 380
555 861
239 284
962 889
958 681
893 815
65 32
662 322
186 123
95 82
506 796
33 644
107 535
534 264
992 447
603 279
536 348
475 920
560 98
744 479
262 990
375 867
11 346
426 512
204 329
112 863
279 792
734 841
237 783
698 355
458 716
612 301
246 615
835 198
803 548
237 160
347 43
129 597
820 161
898 899
355 58
160 60
574 67
526 230
203 328
285 588
540 966
527 248
985 861
438 753
592 509
900 462
169 92
482 141
598 295
348 474
235 975
17 16
532 657
312 564
728 217
939 753
629 260
9 428
410 112
467 1
179 949
589 918
628 588
166 669
315 181
61 425
893 608
451 533
452 890
469 836
509 375
609 169
809 447
684 573
666 464
337 430
390 688
374 579
12 194
880 964
366 595
793 979
258 900
580 397
653 327
145 944
992 125
609 763
68 200
741 751
747 402
703 679
523 5
271 779
897 200
926 810
475 996
684 16
81 109
375 839
160 924
379 256
79 780
254 576
717 88
792 81
635 563
372 651
664 26
998 579
398 309
916 434
666 258
958 813
461 491
411 698
618 574
233 596
622 158
971 418
203 828
755 507
167 345
906 475
72 598
125 719
143 400
370 96
122 823
817 893
929 795
553 663
806 161
521 113
412 341
433 529
485 808
259 789
326 356
900 19
994 466
908 224
692 157
899 861
830 735
724 302
541 432
100 704
343 961
697 871
662 863
187 317
39 820
689 915
743 288
88 294
733 330
810 718
45 840
339 215
657 334
993 223
172 333
444 426
603 915
822 560
616 881
642 45
145 515
721 556
885 337
724 849
354 393
141 9
625 909
37 791
42 899
300 463
831 683
414 67
379 844
245 556
333 17
210 476
437 19
573 903
333 482
355 694
542 238
623 1
44 365
295 42
427 639
603 125
401 467
555 254
207 899
959 144
708 912
33 136
470 423
91 958
40 700
256 617
609 829
5 98
639 797
964 585
416 111
38 234
496 189
248 814
464 667
194 300
13 936
878 258
866 346
706 435
209 745
222 350
342 975
611 18
949 367
209 890
999 619
952 990
936 291
322 682
677 116
929 437
154 403
852 238
780 323
953 545
286 652
865 365
794 163
335 65
643 90
934 591
933 491
577 706
300 879
814 679
429 13
253 841
415 78
456 437
555 995
31 493
656 110
788 539
385 24
866 595
245 662
324 27
417 431
239 360
189 899
25 162
46 712
174 509
909 630
215 211
903 941
868 559
978 155
340 860
659 524
28 736
310 892
774 207
889 765
599 830
413 125
507 270
972 716
440 453
403 187
993 687
797 279
216 254
289 32
454 666
401 558
798 995
892 10
179 29
643 830
256 454
647 650
6 278
543 565
983 274
289 258
20 406
21 955
561 734
377 569
484 763
915 419
554 417
959 874
818 618
644 178
791 701
830 157
925 695
892 462
962 904
293 61
131 174
902 649
27 65
427 745
364 134
991 315
574 273
373 112
528 697
841 390
496 357
302 39
741 399
662 775
412 714
667 191
740 863
231 84
418 659
112 420
828 490
704 184
444 483
232 681
836 405
620 772
912 85
163 93
664 726
865 107
461 672
797 774
986 294
927 391
9 591
510 247
917 413
889 974
564 934
637 696
943 745
987 297
660 497
733 197
590 886
511 43
599 764
620 697
968 42
15 319
946 991
58 62
741 347
264 593
814 745
873 83
546 347
987 247
988 804
171 386
320 984
582 660
494 20
958 935
461 373
973 925
47 652
798 76
394 318
656 933
56 817
829 970
722 410
816 731
907 756
213 357
124 128
859 215
310 533
332 117
910 292
87 509
934 414
114 317
521 203
479 119
815 489
35 955
734 763
367 706
668 157
715 298
381 994
611 477
812 860
541 314
155 99
818 737
430 299
910 241
542 82
491 459
421 492
117 317
338 570
834 343
741 806
620 420
9 926
624 943
643 124
662 705
98 330
526 432
762 259
491 233
738 42
222 875
80 832
340 498
913 878
883 648
922 980
960 143
434 162
784 989
344 612
867 624
267 390
585 135
123 128
128 960
145 550
862 693
221 211
663 316
25 120
88 467
562 177
727 617
28 885
323 895
345 987
931 124
948 902
185 898
771 903
538 902
645 994
997 739
10 383
393 589
604 395
806 971
182 81
699 121
279 789
48 21
487 918
242 855
321 194
280 72
378 326
944 223
765 105
233 936
369 344
65 615
372 613
157 143
507 310
569 311
993 727
134 129
704 194
881 394
398 314
451 412
80 51
523 371
512 192
587 516
200 620
114 462
892 501
790 874
332 488
226 871
777 77
737 107
392 45
122 820
433 647
472 219
911 89
825 345
973 625
995 9
243 812
781 446
416 802
951 882
881 146
934 100
792 701
696 345
326 500
826 996
406 316
942 738
430 438
322 583
839 174
87 965
511 9
847 675
80 669
102 478
255 52
240 851
921 470
481 95
634 399
192 150
429 151
175 471
32 591
328 502
889 59
550 528
719 187
496 907
650 926
872 770
814 101
463 377
11 840
196 324
428 119
895 526
514 16
110 625
386 415
746 25
162 438
78 863
704 573
392 738
641 12
401 807
897 186
846 71
741 403
100 365
893 56
806 721
698 454
423 99
816 901
972 824
958 895
480 938
411 744
234 649
881 370
453 937
21 565
498 770
872 11
502 730
142 795
702 243
649 453
781 704
817 783
857 362
164 509
694 631
801 590
792 507
961 452
433 675
970 410
966 926
956 729
95 127
725 404
781 418
676 840
126 643
87 651
644 110
773 782
240 96
835 733
433 397
507 636
131 194
387 108
981 348
953 304
640 844
936 435
610 182
520 178
562 309
945 443
917 213
785 789
499 730
117 23
549 154
698 580
244 142
649 716
785 82
619 74
996 816
300 255
887 853
67 540
768 553
510 216
292 875
558 394
210 12
401 993
299 851
257 69
738 534
336 698
279 748
176 19
837 322
430 616
765 454
367 23
480 761
978 152
742 193
440 460
624 490
686 600
250 991
676 727
312 418
389 354
851 587
10 105
512 507
217 619
694 23
368 969
864 974
116 555
959 479
232 40
323 371
842 925
77 964
901 360
7 981
92 731
765 371
87 363
401 446
175 278
114 391
441 845
722 582
542 485
158 466
109 384
368 262
185 336
298 209
319 677
980 967
549 536
911 929
311 885
379 536
5 470
868 322
173 884
657 943
51 168
4 18
190 424
552 188
317 53
967 31
222 82
387 59
761 508
731 430
655 322
217 370
456 534
807 519
658 821
614 962
403 818
278 162
672 377
18 551
990 369
918 498
595 355
740 856
466 469
999 253
693 946
527 602
396 488
884 771
187 469
154 150
429 112
361 330
982 868
934 763
98 635
339 383
271 85
822 376
497 651
480 423
153 455
268 157
211 313
56 758
382 306
768 323
629 787
298 607
794 376
723 338
707 953
615 224
48 543
893 926
106 304
436 930
233 947
15 655
567 498
533 78
458 1000
300 295
51 859
513 946
983 620
626 797
610 673
137 390
829 969
191 329
426 108
837 890
911 231
109 467
188 993
989 187
223 351
958 134
2 935
68 584
542 382
605 53
846 635
355 60
326 574
164 542
160 40
728 433
748 972
222 447
995 125
815 206
339 282
57 644
510 204
403 624
559 213
242 90
10 439
767 342
142 271
273 172
664 245
455 700
991 286
813 554
585 987
614 606
726 584
753 622
594 554
6 708
559 408
463 503
780 411
654 388
602 893
558 224
525 425
604 358
966 261
311 80
334 499
780 249
219 842
175 641
605 76
870 308
42 794
599 530
819 914
508 273
825 593
732 114
404 168
171 751
552 646
537 246
808 824
523 7
372 503
747 549
403 133
833 712
885 703
137 337
964 290
784 556
586 764
683 330
122 736
263 550
628 104
808 937
661 383
215 347
212 977
832 451
968 515
643 889
271 88
537 868
368 767
246 752
411 813
30 721
470 264
753 236
773 119
471 15
134 563
636 191
752 420
270 19
271 382
761 257
846 710
189 193
834 150
66 780
312 598
251 264
969 933
680 528
19 382
222 411
886 162
668 17
815 226
632 181
748 839
967 487
524 624
338 543
579 743
619 946
303 943
102 479
605 492
566 914
456 701
553 81
477 25
961 980
639 157
490 388
643 96
223 598
287 153
220 172
442 210
499 287
724 236
325 359
615 462
650 622
561 441
613 179
185 925
239 342
428 7
287 844
879 294
367 498
494 982
567 389
733 957
129 215
538 701
690 976
215 47
676 515
570 10
988 749
293 993
701 907
424 201
746 331
858 257
823 733
590 248
665 679
924 948
195 336
893 281
949 103
237 213
578 307
519 227
488 373
647 302
734 8
682 245
220 852
263 808
88 682
985 348
143 502
610 627
757 704
442 392
702 67
763 83
821 895
420 952
256 649
61 354
867 17
299 621
143 660
757 994
924 495
958 780
30 281
944 784
84 227
985 379
555 380
148 768
649 529
653 969
988 504
880 209
98 370
602 898
107 480
623 1000
337 290
875 999
676 28
749 962
243 582
996 817
909 914
345 993
987 606
706 1000
664 619
624 268
499 104
543 221
46 351
267 94
451 269
163 129
849 482
225 456
153 411
123 774
638 36
296 540
254 813
684 558
883 191
80 452
3 761
655 725
931 277
716 997
54 196
58 139
521 529
759 897
821 366
453 874
937 865
574 622
730 808
12 863
821 415
859 68
843 635
381 408
953 15
221 850
683 402
811 217
705 638
628 278
990 609
556 706
886 601
464 746
433 893
251 210
325 679
645 116
83 909
677 419
374 810
517 74
919 490
653 698
308 681
757 966
982 697
622 656
916 799
494 775
689 767
984 13
199 726
350 326
478 283
232 909
896 814
953 947
993 434
61 386
468 388
236 744
898 103
633 4
927 496
552 510
880 987
935 805
370 521
867 679
248 85
34 464
879 632
702 899
791 438
81 971
211 312
451 233
349 874
641 425
626 681
258 667
977 273
584 978
618 5
671 29
361 244
341 587
712 81
827 352
44 101
671 307
929 304
472 645
750 344
627 15
111 166
350 682
726 449
393 19
986 434
289 194
143 155
829 968
502 656
32 300
91 843
630 668
183 345
928 342
360 888
787 29
271 244
132 174
502 946
843 978
146 126
184 181
886 980
317 487
800 15
412 477
288 211
536 569
598 203
395 690
450 571
768 995
678 115
316 144
669 660
969 746
113 428
829 110
501 13
139 518
472 317
770 892
199 698
424 160
695 311
800 459
965 783
470 682
897 615
701 773
315 182
393 933
62 833
46 74
182 410
664 645
718 632
794 8
577 648
715 486
12 253
197 183
419 197
516 573
478 672
357 817
304 131
214 666
729 742
698 863
653 905
617 645
139 83
604 389
567 51
533 143
220 414
48 653
495 20
455 638
124 738
626 604
152 21
393 813
108 814
660 245
315 901
276 254
849 212
583 167
389 441
394 321
149 473
759 766
704 864
980 981
312 185
204 511
939 116
777 145
685 520
582 912
929 604
19 50
402 982
269 390
812 349
938 55
569 241
735 164
164 983
691 258
285 557
958 997
498 672
464 976
31 690
195 832
913 157
752 131
240 119
79 678
540 84
745 990
691 32
515 782
554 808
904 823
482 799
464 429
433 321
848 660
11 620
709 349
958 194
225 80
763 720
936 134
554 733
520 923
64 321
234 17
253 787
309 609
241 875
462 1
194 675
466 188
694 380
567 230
241 708
993 821
956 188
707 995
949 930
272 540
167 677
280 55
408 108
724 562
873 408
747 627
585 364
845 802
133 742
426 368
405 461
142 588
439 678
638 890
168 305
695 401
77 922
354 609
742 916
356 215
930 258
273 525
589 63
955 701
544 640
856 914
17 512
588 377
804 801
986 140
298 138
528 803
467 529
104 437
291 735
218 421
695 853
904 102
947 904
864 909
558 754
688 796
726 804
892 532
770 514
593 913
226 218
83 703
84 236
840 834
107 197
606 169
300 580
317 866
410 4
781 19
529 58
589 970
348 856
314 728
101 688
136 524
69 146
515 8
333 999
266 982
892 984
841 90
310 311
22 507
945 919
323 680
953 737
400 687
901 769
594 789
595 20
997 773
671 939
374 825
127 595
263 165
932 724
81 136
614 50
10 132
90 886
328 831
882 506
59 689
837 610
986 300
461 941
401 658
399 187
294 423
721 969
189 723
9 341
63 238
493 700
752 801
492 612
539 837
498 213
545 468
110 62
384 654
26 803
112 880
712 498
470 454
751 819
754 117
592 88
898 955
556 707
833 322
392 24
998 872
437 552
983 199
652 785
619 718
47 809
161 994
79 632
625 194
294 845
152 854
905 440
891 771
527 785
51 72
14 380
438 664
735 914
292 939
298 679
912 283
676 460
770 921
888 618
666 682
370 804
685 411
44 549
652 292
302 141
457 236
525 387
504 81
852 145
970 850
19 994
573 873
945 16
343 345
658 759
989 199
292 905
385 121
405 118
656 476
404 178
98 859
871 884
202 128
811 905
115 4
479 559
405 840
299 189
262 67
824 620
346 240
841 561
152 425
944 133
232 247
431 953
647 472
381 458
419 757
198 807
450 197
712 304
622 279
509 614
285 181
413 352
151 556
190 18
548 892
734 623
735 306
601 765
367 606
800 913
380 475
697 271
274 72
263 896
216 199
462 620
291 663
952 187
259 437
596 618
212 233
879 949
456 933
368 145
577 67
995 972
796 648
880 60
808 297
93 289
26 362
568 745
986 696
36 903
477 51
539 56
443 911
27 844
980 94
69 217
44 521
905 775
44 706
987 763
163 493
571 504
742 323
10 536
429 82
345 943
841 18
372 172
10 491
589 581
168 595
277 95
79 295
444 736
48 185
157 505
72 15
823 932
375 573
985 793
15 636
306 848
290 77
661 42
862 869
119 568
157 283
747 551
656 629
270 469
551 892
998 583
751 917
347 339
648 564
521 266
759 366
928 260
765 313
103 950
837 342
750 87
117 986
969 841
307 878
350 816
846 597
873 537
401 166
866 434
204 813
646 412
605 855
970 500
130 751
757 524
387 228
243 990
585 667
964 902
198 166
92 957
38 319
524 626
876 29
276 265
938 648
818 994
545 570
430 36
35 404
606 93
917 542
726 618
123 899
418 615
921 324
408 433
837 184
970 795
845 669
681 324
867 657
465 721
728 745
362 968
258 674
64 753
999 485
989 271
873 270
528 223
698 227
880 706
702 811
785 849
521 763
404 473
440 567
210 472
564 393
289 943
988 751
517 527
648 754
560 116
66 315
319 95
578 868
877 737
946 868
475 885
229 814
780 690
765 364
345 353
186 627
25 695
122 629
723 689
712 471
237 100
21 931
725 703
446 432
263 810
161 288
694 586
237 501
221 912
777 110
692 95
910 402
288 173
877 37
201 604
903 959
282 903
764 377
415 609
735 40
866 201
625 183
191 698
32 785
484 84
218 708
645 321
870 656
763 288
766 961
767 360
731 782
40 139
630 48
828 998
377 206
685 438
886 473
120 808
230 285
781 99
412 970
950 476
2 334
149 890
315 110
577 631
615 27
266 934
344 718
310 423
77 488
315 479
903 182
559 688
984 542
949 532
475 149
280 997
45 219
103 421
931 134
515 455
55 262
370 340
293 818
898 628
833 773
836 408
470 138
453 872
972 712
635 526
526 723
138 176
502 422
177 926
986 476
453 813
385 585
80 111
557 499
100 98
542 89
85 402
276 874
479 142
890 547
748 709
270 175
711 667
720 46
688 588
664 73
513 535
786 200
308 260
113 164
260 167
8 216
304 895
503 427
373 187
986 899
37 83
515 824
53 665
679 629
477 957
374 569
339 964
782 838
970 238
329 254
942 392
212 173
984 446
583 366
508 836
415 264
370 805
978 676
724 117
179 973
737 971
221 90
98 647
430 830
583 396
777 191
240 395
619 577
828 341
81 952
779 315
121 463
504 449
70 496
241 818
691 545
941 99
671 910
84 564
909 517
457 606
963 324
146 918
533 218
882 396
102 255
941 261
822 8
295 136
30 79
436 994
115 293
158 275
848 433
186 696
190 128
873 770
268 890
159 655
55 814
649 433
852 648
138 950
470 483
237 44
934 402
919 554
646 294
80 361
268 600
86 179
593 381
477 590
99 36
249 407
838 585
170 454
136 393
730 497
827 681
709 581
876 58
201 886
990 54
739 498
910 442
481 454
10 852
504 801
548 153
766 537
378 838
822 799
53 878
97 150
434 553
874 422
429 300
53 927
758 220
170 861
210 798
942 23
211 11
965 926
970 996
629 33
97 112
775 653
279 450
757 269
549 288
842 314
951 460
668 248
477 325
67 729
250 705
162 319
442 31
79 294
7 453
745 350
229 373
638 19
897 33
664 980
902 306
387 771
390 102
48 9
747 393
822 101
509 950
972 562
647 10
358 645
237 972
630 941
565 830
307 546
22 549
293 603
974 322
382 537
636 357
980 983
12 865
731 91
881 330
940 453
981 671
13 733
824 214
436 228
475 566
332 405
351 395
545 12
912 777
251 517
584 372
441 763
855 763
380 599
730 179
237 417
877 351
847 792
722 815
673 273
51 229
144 577
933 207
455 383
80 627
209 785
526 118
30 769
455 268
994 93
672 454
839 170
216 886
236 509
520 154
739 494
65 729
636 638
178 2
878 935
108 86
295 229
210 883
781 126
965 993
487 413
296 856
225 86
64 468
541 862
176 702
641 580
457 171
953 975
294 711
672 898
396 258
490 165
693 306
251 442
16 733
343 256
146 828
331 535
315 291
793 481
798 460
466 845
339 425
152 407
876 640
783 308
860 140
509 858
422 627
849 165
707 771
724 675
176 329
577 439
517 526
464 84
266 342
346 88
901 368
134 190
621 731
397 529
863 591
328 626
989 867
418 923
959 159
475 530
99 414
869 366
270 67
915 394
826 563
26 751
613 873
905 160
389 863
212 726
765 574
398 167
695 855
772 400
459 919
943 874
412 263
87 647
22 962
389 625
448 467
476 240
527 831
485 984
624 924
36 762
101 988
767 363
252 804
40 140
315 812
957 479
856 238
162 550
109 766
520 773
36 83
567 945
297 541
814 26
876 439
611 546
799 211
839 722
932 496
970 655
277 37
261 736
140 803
569 951
915 671
328 67
112 746
149 91
7 13
101 370
263 167
892 116
971 852
79 58
880 751
719 814
82 234
44 22
210 298
393 794
962 688
340 968
480 620
906 88
603 446
414 819
452 386
950 385
877 587
941 706
267 543
982 136
574 764
311 962
426 116
545 490
927 512
108 534
15 506
536 147
851 31
195 734
882 956
235 495
385 874
460 234
959 768
428 846
506 408
400 696
894 815
95 974
762 713
377 685
639 653
108 331
753 58
57 515
667 374
260 160
331 976
264 163
265 718
794 408
349 765
880 387
68 184
457 342
334 940
784 697
506 237
550 400
113 389
67 694
897 958
217 487
572 303
353 231
265 825
748 424
586 479
969 301
843 452
511 338
760 422
926 925
488 681
231 83
80 496
606 933
989 35
390 718
277 777
828 342
228 698
540 125
849 434
650 549
798 501
908 365
177 509
324 100
23 272
843 93
84 623
384 32
223 647
809 861
725 833
638 982
987 202
272 757
979 542
104 932
968 781
987 123
437 86
259 874
495 320
298 780
466 710
86 871
380 803
867 382
385 596
309 361
125 948
364 652
528 224
773 142
226 749
942 783
445 845
228 419
144 696
365 246
220 799
647 634
652 928
302 537
873 547
252 680
289 402
152 918
445 47
781 405
998 997
387 574
251 352
696 211
643 588
955 334
162 32
991 100
599 856
575 357
339 645
730 510
718 899
535 731
151 210
156 836
791 930
59 680
889 448
581 792
737 756
353 3
939 772
746 618
891 527
178 494
788 779
975 167
706 952
231 119
733 401
36 103
275 333
768 614
162 717
185 532
206 130
62 868
827 50
556 396
495 160
427 704
966 226
215 289
586 951
135 329
150 436
953 505
688 122
543 436
566 127
367 184
998 404
501 886
119 427
979 570
105 361
217 679
72 382
899 10
397 957
860 638
424 918
480 882
320 711
588 336
260 459
323 355
981 783
599 176
968 662
53 284
312 922
484 972
464 693
943 327
670 389
947 768
43 13
424 323
872 103
977 617
180 783
688 326
598 123
951 841
716 210
477 706
170 762
400 884
905 357
657 772
87 851
74 414
766 693
863 146
848 617
230 533
654 219
32 870
528 346
675 633
767 455
605 488
255 51
444 322
818 115
785 378
589 948
218 947
457 217
59 381
975 638
351 347
267 328
196 306
123 882
469 866
202 297
392 999
687 484
11 847
504 395
235 493
789 308
611 662
903 332
409 952
799 143
805 570
666 208
392 709
970 586
936 566
870 483
451 51
918 597
262 9
465 147
821 278
472 837
343 214
133 400
424 852
81 67
329 732
581 630
621 585
56 4
345 502
787 267
664 126
106 214
643 968
789 714
612 483
225 989
7 637
691 980
982 213
488 377
161 437
643 857
540 759
359 979
497 723
933 896
458 480
350 786
78 733
730 148
863 464
331 195
967 407
70 812
261 580
492 86
792 450
847 620
687 983
142 344
383 140
240 368
919 160
653 884
66 526
822 853
19 636
495 695
460 794
982 627
899 93
465 529
69 159
822 308
754 837
3 289
940 518
904 564
482 512
33 806
966 310
804 85
883 500
353 704
461 694
344 430
901 939
721 514
258 256
633 334
651 347
859 668
914 951
241 741
708 431
395 502
34 170
970 622
439 993
831 419
745 166
341 691
654 956
968 131
346 283
823 799
457 642
25 966
745 55
949 165
785 972
608 361
717 393
290 12
836 297
470 251
459 257
38 991
225 904
636 430
138 769
59 841
958 239
651 709
122 919
319 851
747 924
18 186
590 506
494 463
924 186
18 205
791 586
963 271
223 4
155 492
377 684
873 727
915 278
882 671
514 617
252 619
937 195
259 491
153 620
886 238
527 786
880 19
697 579
476 454
866 90
867 239
481 440
728 103
63 843
944 797
107 162
568 720
455 612
667 4
620 92
236 341
128 856
353 87
101 721
466 462
28 585
303 577
733 396
279 949
349 387
357 904
818 138
656 49
790 44
370 517
791 349
413 535
231 816
658 754
110 579
654 894
202 921
298 600
634 900
466 786
362 835
346 332
879 346
203 717
76 597
385 280
243 252
485 135
181 190
613 155
263 424
323 197
677 958
60 912
194 170
803 604
806 621
7 564
247 467
998 553
838 786
57 211
935 216
902 803
431 265
325 758
223 235
99 473
905 110
190 992
247 241
982 396
142 71
180 190
492 248
38 52
648 200
463 521
748 969
472 116
461 296
544 24
250 41
566 873
517 315
518 524
443 674
268 271
658 131
363 139
957 405
904 799
689 543
904 911
658 786
454 497
942 426
376 349
748 397
732 522
850 445
479 821
210 796
432 366
451 538
503 973
509 368
645 714
685 269
509 353
410 285
619 9
547 372
715 570
538 17
421 955
7 438
641 280
291 387
257 23
483 875
379 586
508 302
128 228
963 587
392 697
286 21
953 504
839 574
332 979
211 566
118 470
927 788
640 254
660 241
686 50
744 290
513 32
612 377
302 717
703 898
121 918
450 36
129 428
223 297
561 574
764 3
329 798
743 34
130 857
80 184
315 742
756 990
208 796
737 106
502 914
344 492
787 170
370 597
403 693
958 385
1 974
312 761
634 76
888 856
985 150
94 90
575 745
931 629
127 150
754 636
684 875
165 289
44 714
457 79
476 317
169 323
746 981
120 783
601 320
843 399
809 371
540 485
724 122
882 846
340 643
676 229
97 526
165 632
421 974
997 559
73 261
564 89
864 508
239 492
205 652
84 767
451 276
436 608
366 993
845 320
331 942
116 136
979 778
140 648
72 46
56 691
747 651
354 936
909 595
872 693
409 729
950 8
608 223
185 130
292 674
778 233
211 978
582 583
39 225
960 710
436 821
111 117
521 585
828 835
172 799
925 247
764 833
765 504
983 33
772 606
167 20
349 849
360 150
398 280
977 793
280 503
675 199
911 218
223 146
333 590
63 293
600 454
734 554
881 86
520 380
856 692
549 767
423 562
407 169
658 41
161 519
226 103
27 122
583 97
450 639
622 761
364 153
297 208
777 606
396 156
364 296
735 971
5 944
580 776
448 243
321 635
694 80
756 300
407 877
193 545
433 242
883 582
371 410
615 577
101 525
690 474
728 857
909 828
744 630
461 693
82 170
1 738
266 933
453 517
188 578
300 132
391 95
146 798
680 506
771 965
665 74
82 460
101 368
284 944
345 646
37 820
521 651
16 84
565 594
750 726
732 421
401 773
128 91
292 710
663 945
580 113
893 214
414 817
609 519
890 844
800 572
199 474
698 343
60 892
665 646
214 253
933 577
610 718
333 737
464 336
284 491
966 4
234 870
165 440
368 316
475 624
852 742
742 662
929 875
749 170
255 545
91 512
421 159
29 458
341 456
478 83
728 330
247 818
766 774
783 278
883 998
98 94
579 533
856 430
965 756
677 128
491 117
183 603
356 240
961 885
544 219
417 919
398 594
239 864
774 949
645 563
60 117
559 29
961 998
11 603
28 475
69 225
554 639
387 364
5 805
500 227
447 932
698 610
845 721
771 135
900 219
944 750
942 105
871 61
374 639
662 120
330 497
519 673
595 71
33 946
434 531
92 91
646 556
723 491
46 380
716 800
257 443
423 370
387 808
119 675
291 71
215 140
453 535
863 800
526 644
824 624
237 997
205 7
152 429
556 739
621 639
158 135
507 291
56 841
608 374
510 698
976 234
150 891
357 301
197 182
843 538
720 239
332 29
740 226
890 723
816 722
503 68
364 654
899 548
773 140
42 390
15 73
593 273
332 451
434 431
268 944
772 475
611 373
422 212
8 104
174 597
891 965
602 400
929 736
35 817
252 537
63 359
956 986
813 770
631 31
668 11
395 681
341 349
631 77
202 181
888 504
829 504
188 480
190 594
66 964
540 252
409 358
317 821
65 260
673 330
680 999
960 23
212 204
164 47
352 455
841 133
326 847
124 599
37 392
78 864
206 273
978 278
243 239
210 940
283 536
968 469
250 605
197 781
681 765
518 690
187 100
447 702
347 293
478 820
157 501
802 778
949 585
626 710
954 177
936 604
298 573
153 342
585 379
388 376
828 969
504 674
834 522
673 904
824 524
253 334
442 795
717 511
590 119
25 957
745 14
51 701
50 331
271 896
988 694
846 780
884 455
893 271
768 194
901 426
703 18
265 72
621 645
413 320
695 686
735 397
848 47
942 809
255 925
147 755
159 300
454 903
221 904
339 692
167 294
351 5
138 568
30 618
643 541
347 4
113 144
354 154
687 844
924 18
619 650
66 774
138 651
288 244
810 314
94 200
352 935
832 497
282 990
196 888
527 804
285 729
587 121
992 759
19 501
792 819
959 793
178 174
478 325
139 601
692 955
217 477
623 877
165 773
465 894
460 839
634 406
374 645
620 165
493 444
791 923
221 110
786 451
645 668
832 957
960 226
27 733
158 609
866 724
408 292
749 873
625 859
590 663
702 973
3 485
847 236
405 57
561 435
546 585
860 105
552 330
239 348
851 342
104 689
581 961
193 896
177 315
604 102
736 22
590 945
385 214
871 952
747 630
965 435
987 135
529 99
755 99
756 456
594 479
613 321
564 699
46 918
932 915
722 315
9 316
742 830
181 6
105 331
342 424
103 751
355 783
764 177
232 66
747 805
474 131
935 18
513 218
939 87
333 764
963 861
621 361
665 971
26 891
88 688
199 164
973 445
657 964
218 430
851 340
221 541
972 251
888 774
522 678
583 979
144 928
152 895
118 62
56 208
655 375
269 24
189 593
610 222
278 302
122 420
213 971
415 643
531 426
805 55
226 326
486 796
641 923
189 396
606 61
623 897
993 424
323 625
805 873
783 725
277 320
761 37
46 391
913 696
474 926
572 987
899 381
386 344
706 785
581 131
720 809
279 628
690 317
452 88
181 390
328 70
58 435
521 825
873 494
979 118
394 81
624 290
405 831
278 551
907 405
671 180
214 417
750 727
864 854
846 170
524 410
565 706
87 2
769 453
612 121
209 240
466 737
61 749
859 90
203 926
721 93
262 789
783 63
74 897
318 12
321 248
878 452
203 252
440 154
513 404
817 812
378 362
839 299
696 948
118 376
778 593
104 406
506 22
726 615
97 563
39 688
522 602
984 245
108 469
400 294
459 62
259 493
653 373
624 955
863 212
311 832
430 982
729 208
400 196
666 291
577 388
960 12
28 468
800 421
236 343
58 531
684 963
166 622
743 352
49 380
638 398
325 7
745 580
441 613
734 703
508 550
163 69
809 475
426 753
765 977
560 75
747 131
931 72
76 174
76 881
721 83
373 615
22 267
609 471
827 408
662 347
469 191
28 701
197 896
20 911
336 300
945 838
860 375
93 576
519 100
711 149
392 509
911 462
508 89
539 951
105 259
716 741
518 55
77 861
393 102
506 729
638 518
180 410
934 263
4 840
868 15
982 19
507 241
679 209
994 741
276 548
82 791
302 540
490 836
134 820
994 889
977 514
320 267
946 28
265 670
221 581
667 343
430 307
930 779
571 819
886 200
282 874
984 64
912 493
895 874
507 573
682 267
758 54
596 341
491 225
420 35
918 294
302 75
178 493
785 147
634 482
46 76
35 221
642 431
197 764
210 941
407 517
637 626
784 100
768 633
220 118
882 308
573 438
869 239
172 497
270 866
287 581
222 687
760 18
63 617
163 863
662 359
132 790
663 538
98 888
707 922
176 210
993 306
732 511
555 606
702 643
416 605
279 898
747 538
397 775
200 295
238 483
149 370
480 535
523 141
797 294
270 478
492 538
275 452
976 215
828 808
87 187
473 323
660 977
897 481
310 606
497 69
78 554
29 254
748 762
837 839
707 359
925 420
18 128
19 169
57 862
810 100
369 156
706 53
570 548
256 676
556 535
207 581
464 583
998 900
639 582
946 62
821 917
753 967
271 500
169 22
27 144
635 487
883 929
662 175
4 352
151 243
395 549
469 412
696 464
871 273
965 860
602 518
454 467
115 617
994 188
779 520
463 35
46 249
726 623
359 82
669 539
735 759
663 122
336 793
889 195
145 617
384 431
681 335
684 538
386 373
45 976
482 746
586 244
514 121
964 810
571 136
920 384
693 30
508 477
806 924
328 43
201 291
935 632
611 744
940 978
153 384
727 506
267 184
137 252
354 934
766 215
988 885
313 354
521 766
392 550
599 813
416 444
732 370
716 591
509 711
100 484
689 881
820 989
573 393
791 310
119 313
33 22
38 769
755 305
209 437
262 697
467 825
449 454
45 48
597 515
735 480
668 319
373 559
156 203
431 451
770 18
588 198
539 522
332 260
316 897
43 699
191 451
990 833
244 675
66 176
504 528
764 374
178 881
1 808
693 687
424 433
725 13
394 901
796 808
709 537
785 57
70 973
164 130
376 773
361 488
191 903
322 722
735 858
795 401
11 654
785 347
496 485
36 43
498 551
149 788
5 848
361 342
263 101
224 74
576 415
940 656
542 740
283 963
489 186
474 526
612 872
426 685
104 543
653 390
840 147
178 747
615 244
357 196
855 325
214 567
729 849
343 401
552 694
892 400
112 893
59 838
387 863
409 782
438 318
78 209
632 62
360 470
379 338
896 82
881 564
309 3
367 253
431 528
638 664
750 310
626 832
618 113
665 644
298 935
617 131
543 687
198 660
15 454
551 144
574 883
858 14
454 957
111 478
561 725
748 593
450 780
130 910
458 259
22 640
283 212
708 659
658 504
861 671
570 732
425 107
801 384
74 322
777 367
297 147
585 310
304 707
52 701
255 406
508 195
369 535
744 613
478 160
268 501
70 41
88 53
957 511
230 675
231 254
235 251
615 443
311 166
587 45
461 629
88 487
125 537
163 503
9 627
6 86
6 611
188 770
10 622
391 159
693 811
748 330
417 608
569 743
54 895
384 407
628 272
274 855
629 249
576 507
560 976
906 548
724 803
932 919
932 272
681 528
900 822
232 432
634 886
223 882
363 505
23 662
872 608
327 976
651 38
300 392
470 824
932 581
341 965
416 484
324 661
395 941
357 951
664 10
918 643
685 652
475 798
564 483
401 513
147 229
612 471
302 835
373 237
458 581
699 641
574 879
646 136
317 286
906 277
928 365
584 735
714 658
916 646
313 431
1000 303
817 847
985 413
549 548
146 121
964 330
892 372
739 551
754 44
23 306
406 702
597 153
710 392
657 796
970 301
308 660
383 240
437 808
60 309
619 974
359 331
948 717
919 854
523 1000
531 485
240 800
832 36
689 621
301 351
13 427
326 818
607 327
558 889
101 754
747 64
69 975
110 768
477 303
443 99
465 690
215 479
107 318
1 333
699 402
470 498
760 164
244 125
392 862
429 477
418 942
348 211
461 972
334 106
152 237
599 667
525 532
875 595
837 117
698 184
402 525
664 840
317 273
45 431
854 591
410 732
877 614
248 8
829 771
441 66
979 574
769 268
384 814
242 46
557 421
826 620
9 107
622 309
622 4
915 151
203 857
220 985
403 107
704 918
962 134
952 400
920 686
87 408
16 211
882 960
938 62
503 328
929 785
824 57
643 543
443 209
109 530
648 231
246 490
377 361
209 633
107 745
915 339
458 170
866 319
977 766
408 211
761 444
62 443
190 588
179 253
991 378
757 217
408 520
542 613
139 424
322 894
179 923
163 318
435 46
758 829
64 297
991 872
304 376
586 98
58 699
516 814
173 26
913 305
196 333
590 661
847 238
945 82
452 102
793 38
847 159
261 536
766 69
205 491
211 614
820 696
267 776
219 51
682 697
789 899
423 389
264 530
107 870
8 126
297 127
391 568
18 432
237 828
167 17
447 225
993 951
133 18
320 551
711 485
379 4
106 649
289 380
769 522
240 462
916 719
463 885
982 88
431 450
180 570
120 97
810 89
167 452
389 858
230 888
105 645
252 748
863 476
403 722
170 331
83 614
47 131
238 734
108 499
903 774
711 41
911 667
403 332
136 725
209 897
142 463
245 872
844 541
619 957
575 927
562 298
984 424
72 546
913 924
918 495
888 708
871 389
962 593
984 343
143 848
775 579
244 151
5 863
373 309
563 797
400 791
918 201
25 398
65 644
844 714
338 63
966 135
785 388
847 194
426 682
633 338
63 595
523 858
263 13
667 67
346 453
112 751
24 321
333 201
778 66
618 41
360 313
158 908
401 873
573 735
101 206
393 797
470 797
384 968
742 841
708 73
94 808
129 932
67 208
308 206
792 147
167 53
704 943
318 419
989 746
279 268
394 403
918 304
803 688
682 846
935 48
748 707
233 538
513 760
74 542
626 35
829 670
762 611
341 100
967 240
492 144
26 716
8 79
194 262
566 534
74 752
181 572
320 336
364 105
411 184
585 597
418 452
878 518
293 180
701 23
919 192
979 429
50 427
362 489
736 694
489 547
23 124
781 48
819 453
127 56
607 354
115 544
487 416
139 264
447 566
527 722
743 64
893 691
894 244
931 74
163 212
835 414
477 492
704 336
922 267
983 934
367 461
614 70
228 901
599 758
690 686
341 738
950 68
113 579
646 845
632 161
299 178
12 502
211 542
713 480
458 785
864 884
993 592
355 619
708 173
67 63
343 154
471 321
518 154
168 954
214 173
308 162
385 687
262 759
835 179
928 511
267 655
17 560
553 902
907 639
568 197
959 803
321 75
959 830
470 340
256 730
791 618
114 642
178 935
51 143
864 389
630 289
772 502
66 848
412 324
861 531
493 623
605 124
804 725
435 796
1 640
643 337
203 294
442 626
151 94
212 88
503 683
459 513
614 599
946 21
213 626
520 962
11 713
857 519
767 12
705 971
292 837
362 897
938 941
390 457
449 771
102 967
358 349
884 189
318 575
524 382
159 277
932 747
132 679
594 502
194 1000
175 70
401 706
76 452
189 675
869 1
872 379
546 228
985 572
487 878
517 933
208 99
480 920
635 972
690 775
512 43
513 774
273 537
882 31
756 516
479 191
815 689
742 627
47 539
744 670
863 709
539 691
890 613
460 552
381 698
94 429
574 923
207 726
835 461
192 964
734 733
131 139
240 129
222 497
156 903
708 724
886 187
83 570
122 28
697 526
956 813
523 902
981 334
840 814
69 388
400 255
938 627
801 681
269 979
328 401
1 541
198 209
904 654
376 381
388 538
178 399
799 340
196 319
14 968
36 128
315 91
941 131
124 969
306 442
699 433
521 945
334 468
822 313
789 160
993 958
560 199
561 146
210 320
582 552
950 12
661 87
958 523
634 811
393 881
671 354
506 970
950 447
826 249
169 666
320 794
893 191
752 829
223 429
65 970
686 724
581 514
584 314
489 570
53 89
256 501
403 390
80 9
513 659
384 553
460 252
108 718
364 864
985 598
795 934
339 771
743 347
878 265
325 99
807 823
294 974
575 299
526 165
913 224
770 619
847 619
383 445
575 696
78 960
65 989
31 670
929 787
92 920
990 97
331 292
739 419
832 335
482 840
783 476
951 590
459 632
376 298
896 859
970 68
37 363
601 614
22 145
903 632
746 687
72 946
144 111
990 274
724 154
733 468
520 617
650 952
651 449
135 176
62 912
303 176
457 986
361 118
950 206
552 297
861 289
457 939
901 922
847 403
82 456
210 149
736 346
417 277
150 625
944 2
923 419
717 307
37 897
921 248
29 785
821 373
25 634
376 674
915 865
698 339
793 1000
935 418
449 311
218 252
971 406
899 693
241 842
243 547
726 156
839 746
906 390
570 619
613 695
541 186
503 307
786 195
454 861
369 811
813 794
852 960
448 390
377 288
648 631
735 117
520 122
631 932
340 3
320 127
124 516
912 275
36 875
992 545
554 118
425 660
463 116
357 721
842 47
329 112
903 604
871 424
656 167
384 506
511 297
426 877
542 695
391 153
527 733
127 793
755 736
476 7
222 551
150 320
482 656
84 716
115 810
864 440
921 380
559 605
194 739
807 802
57 187
604 442
400 530
702 795
480 288
829 467
863 812
789 73
756 412
498 444
959 281
48 499
529 644
256 224
774 166
522 199
650 400
118 523
547 872
966 866
955 543
958 850
171 12
986 443
579 40
983 346
132 256
320 148
420 539
423 912
798 740
969 806
640 706
338 783
134 732
174 601
30 925
971 97
278 395
69 542
565 679
737 556
661 918
39 550
193 338
378 990
813 544
456 537
800 341
782 805
473 627
700 502
404 683
131 917
40 216
601 367
144 24
309 882
148 688
745 660
362 236
789 425
166 792
996 867
452 512
84 881
141 470
662 24
444 521
282 348
746 921
31 59
414 433
897 291
254 176
989 291
393 634
818 397
487 570
551 641
550 860
405 771
978 199
559 998
33 700
57 310
422 590
974 427
253 330
601 674
48 366
232 52
103 712
275 457
60 945
594 281
333 323
206 755
635 975
301 741
530 561
872 442
826 452
241 236
372 782
838 883
820 794
358 873
329 769
310 716
298 12
411 807
952 1
806 364
97 670
422 101
155 314
174 522
212 697
565 251
658 431
627 558
460 447
105 824
198 271
492 104
221 678
777 340
355 288
377 472
32 781
678 148
175 493
38 311
991 471
12 769
141 54
179 754
472 371
502 644
294 540
500 257
224 694
139 605
657 24
452 684
625 492
18 722
862 467
443 931
475 761
505 350
969 495
952 667
2 126
398 451
46 111
13 350
162 632
163 433
457 172
865 63
251 495
162 747
318 17
971 695
480 394
870 187
104 157
999 285
151 583
112 709
629 800
682 787
390 426
140 645
770 268
827 453
601 958
323 98
585 283
72 418
290 105
990 551
756 468
484 597
821 272
56 918
698 461
661 199
548 591
364 556
953 249
82 182
65 969
674 165
894 600
678 613
146 266
884 957
151 767
632 551
199 200
981 700
375 93
693 104
270 219
492 287
694 465
998 837
979 995
565 174
678 839
8 85
706 20
155 262
283 936
986 772
98 196
189 251
881 171
576 935
80 598
875 405
460 641
688 996
49 618
931 532
19 642
399 513
876 136
453 105
454 306
370 825
650 839
413 747
508 687
625 537
404 978
22 1
101 520
267 362
639 688
652 31
33 937
629 821
166 947
25 61
619 357
582 363
196 50
343 317
419 277
385 133
985 28
219 224
770 272
607 861
722 249
927 858
305 511
713 458
788 508
917 208
793 290
815 933
102 750
17 808
90 238
785 966
733 520
295 109
703 880
329 431
692 374
409 710
971 881
835 358
69 886
750 23
789 601
976 432
425 334
394 755
783 127
279 839
181 649
167 490
411 924
801 276
696 62
290 787
221 637
368 31
812 876
763 230
929 584
218 561
443 668
191 710
910 144
697 581
737 624
369 532
390 848
669 635
53 786
3 101
41 826
98 445
795 449
945 476
726 571
897 529
805 184
644 762
314 645
405 298
98 300
316 347
101 731
763 546
748 310
698 623
849 649
116 440
888 337
742 348
357 946
547 350
984 676
554 666
314 999
206 169
687 108
486 233
768 512
144 847
440 945
115 241
48 150
125 408
394 171
185 995
704 449
393 686
780 814
767 942
293 845
366 781
449 723
155 868
816 26
690 233
929 349
272 748
167 612
184 741
640 100
30 439
712 170
519 871
327 755
518 152
902 251
280 278
263 567
47 343
94 661
982 630
704 909
1000 116
284 341
105 400
432 704
735 404
555 50
313 323
398 68
934 394
717 794
338 893
725 383
375 442
396 10
568 182
414 722
576 705
204 770
705 995
668 145
265 642
632 451
164 400
910 755
995 102
597 166
783 369
661 917
847 546
829 499
932 241
598 304
748 229
786 454
164 374
165 923
574 313
260 929
693 204
246 222
987 980
610 117
559 60
835 956
857 389
218 934
202 483
365 853
452 879
509 266
456 362
990 491
171 897
482 706
728 790
747 210
680 20
16 242
846 298
44 288
816 329
905 1000
395 86
396 741
957 964
29 517
461 765
68 61
966 530
129 87
242 760
793 248
687 585
280 37
82 401
45 283
270 640
436 680
345 231
573 773
445 678
742 132
530 780
547 950
472 764
16 702
20 30
781 463
742 363
355 649
920 915
746 493
512 45
87 183
56 217
954 766
949 643
657 689
183 85
905 35
212 587
911 125
380 385
99 507
743 770
441 51
13 951
750 190
164 549
915 487
807 781
222 503
355 210
213 208
711 177
420 582
929 516
62 198
122 26
784 617
947 39
911 640
723 524
332 314
620 508
841 505
161 863
625 274
377 913
131 99
987 816
441 482
295 835
588 753
292 54
351 597
211 190
818 106
286 556
954 178
528 411
983 661
966 461
550 524
650 898
546 723
73 387
715 988
866 986
98 566
836 888
513 267
91 291
55 388
702 833
797 627
563 593
859 806
936 573
132 758
426 471
614 12
24 42
451 56
444 677
760 784
10 121
798 214
54 358
94 819
578 612
869 35
227 456
945 531
379 315
640 79
604 816
381 393
987 373
369 449
800 645
453 925
536 191
792 297
8 376
9 1
137 84
998 747
917 98
471 617
332 433
385 409
812 619
299 696
472 788
398 60
200 771
169 852
80 297
963 638
90 919
74 731
971 91
661 747
95 99
577 224
435 250
869 584
105 795
164 424
312 667
520 64
994 395
922 604
935 679
100 538
84 135
925 599
765 792
179 173
74 445
537 771
826 908
539 221
481 405
580 999
106 618
855 465
878 984
370 935
210 582
944 922
49 762
141 170
390 216
362 710
467 205
486 992
274 988
866 770
785 488
59 15
97 432
499 452
707 683
724 779
83 133
728 718
418 866
457 984
916 112
707 568
167 754
663 745
300 17
642 804
298 766
600 678
395 380
841 668
256 6
384 971
974 480
171 405
635 680
135 374
104 944
648 663
741 12
485 334
877 700
369 307
907 248
186 685
498 203
940 502
829 221
861 790
837 906
471 668
37 372
759 297
194 99
469 905
894 964
695 749
754 107
882 948
241 4
276 525
795 535
134 615
467 582
660 26
252 668
612 236
887 58
749 53
978 857
762 832
946 443
395 643
657 820
678 66
238 565
614 844
26 493
689 667
765 828
434 118
491 107
45 592
248 420
867 487
199 715
148 815
404 657
13 486
374 343
250 353
141 206
308 833
750 417
206 396
244 839
746 641
231 75
32 643
714 99
934 612
771 134
281 100
409 95
580 561
909 858
966 277
415 17
662 114
244 101
907 573
432 423
969 128
272 432
71 832
348 203
811 741
187 207
280 859
432 667
618 249
926 310
875 730
1 7
870 918
450 390
983 784
159 306
518 614
423 505
238 835
335 541
159 451
396 951
652 88
555 390
655 931
413 84
752 1000
180 321
471 322
978 500
60 943
422 258
301 767
711 648
930 209
694 894
898 883
70 333
337 683
691 996
429 428
285 139
233 618
161 389
713 848
806 503
845 339
403 448
260 479
670 262
34 764
971 261
644 357
402 120
167 312
958 29
701 741
963 681
913 396
640 708
857 334
200 859
165 215
702 6
673 268
69 651
549 689
826 866
50 360
682 357
906 760
174 825
231 312
342 627
417 506
787 994
40 189
168 114
334 515
245 108
562 286
446 909
808 162
607 306
420 40
211 165
709 366
144 26
589 904
164 85
862 388
170 834
135 980
598 642
475 409
371 344
525 477
768 686
370 544
277 244
101 464
659 772
932 304
572 783
922 362
465 397
564 911
702 821
371 999
979 740
102 853
233 10
681 786
115 490
498 478
615 393
634 391
29 707
77 26
688 193
708 140
233 804
986 490
695 390
993 738
542 15
411 539
584 257
842 985
256 492
599 668
151 725
587 563
952 404
60 657
117 928
561 151
694 612
200 744
165 378
717 829
332 285
100 769
578 956
469 212
346 641
754 509
227 414
154 211
86 327
346 560
535 646
458 214
619 529
88 103
820 344
363 223
291 522
207 393
535 759
331 317
518 995
634 190
192 965
445 301
247 609
412 730
74 489
455 660
376 729
805 238
718 641
334 654
510 575
504 181
212 238
39 174
35 367
226 414
154 163
769 408
546 865
528 412
124 853
178 285
642 396
537 354
188 966
541 966
943 598
432 400
430 895
343 682
788 533
736 206
148 436
142 449
22 325
119 835
154 837
11 980
491 524
607 746
756 48
420 227
459 457
376 828
49 234
12 506
896 301
553 276
629 991
578 835
851 461
632 331
423 385
46 920
381 279
690 193
59 543
354 645
835 110
599 921
