1000 9891
384 782
702 386
638 752
259 571
207 913
268 827
57 780
320 426
998 891
415 821
934 467
562 994
326 214
88 805
109 177
978 882
406 651
75 594
85 56
434 192
930 292
844 315
882 706
139 669
891 880
153 828
54 428
5 803
178 444
852 141
100 746
912 298
452 627
329 200
960 38
500 359
637 866
602 999
586 416
970 67
258 71
727 849
600 201
823 290
4 894
260 664
689 826
984 714
577 706
40 290
943 618
269 551
552 413
93 803
993 253
315 489
374 820
106 446
388 750
558 262
483 680
310 757
774 302
427 48
767 517
589 357
224 651
150 743
617 100
954 853
186 315
734 615
449 667
53 9
237 796
609 905
388 802
628 272
742 943
779 283
197 167
929 870
337 735
765 759
38 177
330 690
269 451
713 917
631 131
243 834
565 305
1 926
993 998
420 605
350 129
170 299
190 814
750 807
329 394
844 351
493 647
757 970
744 731
658 151
640 950
715 458
109 951
535 319
78 819
999 786
639 379
127 87
239 873
525 214
896 826
844 399
813 731
374 711
185 662
572 6
663 441
346 511
569 332
438 211
420 378
244 102
253 208
770 464
681 539
867 800
896 358
695 110
721 759
993 906
797 570
376 884
395 266
200 162
128 143
737 397
276 127
228 784
581 788
419 529
224 663
299 199
617 64
873 238
489 725
381 479
940 324
686 672
670 101
347 494
146 705
186 590
910 647
221 780
873 428
649 447
191 288
397 673
968 611
553 539
233 13
425 168
229 590
30 625
677 506
184 321
591 944
518 529
62 166
467 466
182 955
610 958
112 50
421 961
631 901
784 670
639 398
622 696
4 281
62 531
193 448
821 718
757 871
974 720
277 416
848 676
351 627
915 925
672 658
362 344
469 740
855 501
625 598
787 707
883 662
747 71
286 577
509 264
607 467
338 503
82 218
598 754
432 501
125 344
770 5
591 111
975 460
45 119
407 624
442 321
569 901
396 743
144 328
55 418
188 513
734 105
972 716
116 803
443 437
431 768
603 723
766 189
968 116
772 844
989 450
396 778
389 284
24 91
613 167
975 512
579 491
987 94
842 887
280 372
411 538
805 231
546 83
565 949
413 424
821 475
234 647
660 991
953 83
313 236
425 490
392 253
730 103
363 658
968 560
365 64
919 723
8 301
227 163
579 150
651 517
696 922
532 256
315 977
5 384
669 953
356 404
947 779
228 22
307 232
974 523
611 406
85 35
731 529
147 704
464 972
174 747
891 855
773 377
496 539
13 58
27 7
170 206
411 356
875 315
400 243
420 254
724 428
92 274
396 71
771 21
311 372
663 3
589 848
62 670
816 651
526 265
676 158
862 353
166 680
280 583
867 525
524 986
503 937
560 526
505 20
585 173
608 794
326 573
546 576
844 788
489 81
759 649
879 708
275 554
521 774
666 217
944 395
619 267
181 476
132 752
274 825
152 206
281 494
300 446
907 110
210 952
506 871
819 874
475 928
917 185
132 647
918 610
300 333
551 900
589 209
539 964
920 66
851 554
768 54
381 391
938 362
778 499
90 43
643 819
492 395
932 888
356 170
266 991
468 620
898 921
507 206
609 846
132 219
170 18
544 267
119 85
601 974
901 169
744 962
818 633
602 416
655 94
133 320
69 578
622 790
571 768
218 600
442 724
578 200
126 993
643 284
916 776
84 240
714 40
231 323
178 77
150 298
344 157
58 919
455 1
406 69
139 634
753 592
852 900
615 814
780 449
853 661
748 461
396 506
605 372
663 404
888 312
301 51
514 164
475 448
184 915
975 23
889 850
361 489
567 169
954 286
244 434
733 242
384 175
367 436
208 483
723 324
284 904
211 664
441 163
884 748
680 589
712 34
421 2
825 506
564 614
293 894
660 177
901 713
218 24
298 798
371 764
464 42
730 829
158 290
694 912
114 38
760 524
318 420
321 320
873 787
177 996
555 203
903 49
941 986
553 574
846 617
1000 530
601 810
985 395
752 394
41 355
441 569
123 427
14 46
237 351
867 802
960 758
759 254
271 709
468 981
969 616
625 254
199 935
735 113
544 784
740 665
279 15
173 520
654 233
786 481
236 424
662 564
455 718
141 847
62 628
835 820
776 131
842 684
745 507
308 988
224 415
773 630
443 895
482 987
286 731
639 203
953 958
491 139
754 783
301 390
110 878
992 771
349 410
426 873
387 741
585 148
982 886
714 496
680 160
370 570
831 667
136 818
918 933
125 292
343 365
788 718
236 899
537 458
617 660
990 28
926 308
620 537
443 424
997 833
48 24
157 410
837 296
992 62
572 587
665 479
812 90
854 549
162 884
307 674
859 6
309 496
916 72
2 536
24 64
211 914
893 242
996 30
613 77
848 285
389 473
228 119
302 986
894 516
293 573
720 231
973 139
137 1
468 565
927 750
153 879
223 333
8 306
66 24
285 826
142 989
4 966
705 887
715 314
252 674
169 234
697 283
570 523
778 636
70 722
274 463
407 233
283 39
467 322
506 164
718 905
661 373
638 715
598 311
161 944
92 604
745 894
314 565
297 417
11 639
981 407
529 254
258 12
117 209
300 919
780 393
230 464
693 920
784 972
503 964
948 887
118 549
324 172
606 798
111 676
495 837
616 974
818 310
712 781
175 663
469 950
898 382
383 528
462 417
120 184
712 924
231 732
16 915
436 516
953 406
684 567
936 580
632 83
116 812
917 164
655 157
8 914
171 334
7 220
263 374
824 532
492 642
437 15
204 270
115 413
479 900
560 62
67 30
930 128
582 146
668 524
815 719
854 291
836 362
233 699
753 444
293 721
280 484
986 10
273 685
268 992
325 721
569 147
933 914
570 956
937 471
166 3
274 654
317 429
199 73
735 171
517 100
989 239
136 449
781 431
708 721
56 280
610 835
774 549
970 587
118 42
875 429
550 71
421 433
518 993
905 508
235 923
930 921
1 743
581 484
434 911
788 834
456 683
917 546
610 20
323 171
248 333
175 484
287 254
236 662
308 827
844 981
884 730
957 658
926 963
103 70
28 896
932 112
41 529
621 105
427 632
233 313
846 261
331 968
794 480
263 39
46 333
694 329
983 843
255 580
985 24
854 899
283 794
638 58
551 673
988 989
319 365
410 651
8 910
445 711
836 424
750 599
932 923
437 99
555 448
556 31
319 67
532 624
12 681
456 249
972 815
656 360
996 165
544 558
360 159
772 726
761 949
523 396
545 436
655 187
68 615
125 626
554 298
369 32
298 236
778 722
337 514
1000 478
294 112
264 35
800 981
284 190
910 414
70 651
200 917
259 360
799 866
212 328
196 821
583 971
160 483
469 451
401 15
342 563
259 505
464 937
47 126
640 940
406 491
139 907
191 831
984 63
822 803
714 872
500 564
404 760
922 893
541 533
836 667
759 908
179 844
485 184
336 494
2 175
611 881
712 536
286 527
88 274
820 182
734 137
719 255
645 760
193 257
49 473
326 911
573 390
280 723
957 551
476 443
652 27
698 937
606 726
556 61
775 863
928 958
54 948
582 660
815 848
428 217
949 191
76 555
863 321
370 328
606 112
357 94
357 510
68 903
140 564
841 641
695 298
419 631
516 943
665 371
868 686
6 85
262 995
13 836
744 355
63 29
176 511
431 537
967 571
90 157
863 634
367 875
262 781
696 749
855 134
806 462
959 164
228 434
229 967
786 794
81 500
21 971
616 91
315 569
284 271
834 161
761 969
798 540
322 333
888 703
435 22
255 697
511 771
493 756
41 499
593 718
249 368
991 410
406 260
10 981
136 360
502 253
624 947
363 153
843 402
240 940
536 713
886 23
965 652
771 479
524 701
879 827
645 587
267 61
541 874
49 372
656 156
268 210
89 603
474 971
515 83
883 557
576 67
119 999
687 305
638 257
268 161
732 862
605 200
399 697
275 903
166 832
297 759
234 90
767 884
948 946
698 845
612 779
581 245
79 342
600 615
999 289
231 699
950 175
163 171
127 634
55 151
257 434
919 363
82 425
447 493
896 279
402 544
42 587
281 421
48 488
746 211
897 243
682 635
771 710
186 362
775 246
64 834
452 489
706 825
368 996
475 792
259 855
721 32
314 406
691 888
86 882
87 175
609 939
21 525
99 741
579 47
542 417
844 185
536 250
743 901
359 956
711 427
26 699
942 901
392 33
639 709
195 564
549 557
471 899
790 713
168 843
829 301
544 446
744 682
784 513
527 203
490 622
326 504
74 353
883 973
809 978
499 980
631 903
942 726
800 251
486 754
892 593
109 921
681 40
599 781
47 423
801 647
415 323
531 490
449 224
164 193
258 154
83 499
695 846
93 214
116 361
887 11
472 137
738 284
851 103
35 82
185 545
383 642
757 897
943 556
533 800
944 481
428 18
84 604
548 227
78 118
600 754
51 998
436 692
882 420
864 167
885 543
209 22
581 758
927 798
915 958
610 841
280 199
726 396
267 963
696 719
204 954
632 417
861 546
68 765
399 119
801 405
117 828
707 478
963 872
692 298
413 343
364 747
19 64
536 214
282 658
265 448
527 408
473 101
716 487
147 996
737 892
264 8
527 9
494 636
631 69
136 450
563 477
692 255
948 353
22 562
479 377
523 815
239 973
300 711
714 885
588 670
130 258
316 57
174 971
691 95
31 966
452 681
434 908
757 866
645 626
887 547
835 924
487 401
733 345
236 663
473 707
849 836
33 313
996 957
942 63
376 498
193 716
858 954
861 53
334 431
154 209
546 751
603 994
771 385
225 332
524 58
272 507
55 384
374 617
495 201
686 290
671 74
769 214
128 218
682 547
828 631
392 607
305 470
931 358
220 743
210 461
87 113
896 78
453 871
755 27
295 68
47 743
589 160
294 260
646 41
116 598
299 414
102 545
164 784
517 788
812 720
947 587
184 29
981 528
729 453
414 671
761 662
887 82
212 730
29 508
912 752
255 644
570 704
705 943
498 615
136 510
601 238
178 873
311 519
772 43
853 448
288 408
145 1
518 962
244 585
965 663
508 966
644 892
836 644
412 936
469 553
715 257
753 598
365 648
738 226
896 704
571 462
888 314
779 701
121 333
874 373
700 36
909 818
252 919
136 998
58 358
519 695
832 769
365 513
819 937
201 374
75 378
929 961
684 645
413 336
185 682
358 396
180 932
676 993
440 521
519 341
195 225
950 115
368 795
220 164
58 43
978 136
341 696
487 260
687 453
24 102
371 849
228 206
580 123
674 480
414 831
273 558
151 874
534 604
849 14
750 843
963 2
52 291
173 26
181 309
480 838
1000 29
231 996
975 792
893 447
750 24
990 523
521 222
759 474
48 920
639 800
713 922
679 181
702 110
319 570
195 1000
951 789
809 868
312 716
131 368
994 312
853 115
799 172
161 569
315 773
753 903
626 647
230 633
50 467
416 933
273 176
995 815
448 186
69 326
287 403
344 891
108 236
468 823
994 141
247 731
986 820
349 103
666 347
282 416
656 157
456 97
71 542
413 951
205 616
172 375
504 95
103 137
418 787
95 112
880 308
816 418
653 471
414 351
958 438
903 137
318 955
672 821
231 698
521 860
480 294
48 26
12 445
343 77
309 333
244 580
936 761
423 501
431 18
979 701
817 298
915 933
882 272
393 389
100 469
372 530
531 629
324 669
881 712
805 695
403 230
525 859
290 652
291 745
557 86
747 996
125 584
308 88
769 730
494 263
668 456
363 568
271 197
384 535
848 204
901 94
351 43
777 64
234 979
237 432
995 28
834 130
291 268
806 36
592 336
403 531
173 729
815 222
359 754
251 493
715 26
166 342
539 232
79 723
954 962
285 644
619 966
841 448
288 448
865 474
614 767
995 843
959 748
268 401
287 375
2 410
67 793
946 12
714 48
382 130
554 601
439 457
903 446
524 817
743 191
516 413
758 856
214 826
788 637
182 260
664 515
662 18
514 786
194 686
600 859
819 629
576 334
727 489
874 111
638 28
784 379
345 859
785 726
310 235
704 546
278 629
691 399
682 717
732 289
537 198
656 626
150 563
580 44
466 636
621 968
401 699
256 194
938 482
976 817
815 856
216 710
452 462
57 26
773 308
3 988
902 216
446 164
393 56
694 862
91 823
189 414
523 354
489 613
178 657
198 724
38 877
540 743
668 300
100 190
104 313
146 450
476 861
611 266
304 450
431 423
948 243
551 438
763 52
800 58
319 626
938 856
705 115
317 141
819 247
47 305
144 973
97 995
516 259
893 273
558 597
796 982
550 468
292 428
169 319
903 764
156 724
283 291
438 973
386 40
994 181
705 270
908 229
122 360
965 980
974 932
315 227
353 916
488 749
31 231
383 720
175 708
859 543
864 503
537 279
708 296
249 581
867 603
236 965
367 413
760 55
220 369
385 300
524 281
960 914
12 581
405 914
264 538
923 989
855 414
289 953
630 735
215 657
186 291
495 287
6 510
172 786
843 591
402 779
864 307
502 696
928 463
581 523
752 643
146 260
954 671
336 154
212 517
504 413
715 562
933 547
888 441
82 837
511 664
70 412
423 598
469 244
291 716
557 737
313 600
123 382
264 180
710 441
30 991
416 863
816 549
956 857
408 991
9 704
285 691
531 327
113 404
740 631
139 750
946 242
749 767
74 9
438 574
374 806
658 849
201 906
454 308
685 424
904 593
546 814
729 412
123 957
805 799
44 455
64 269
271 346
680 199
419 61
936 849
336 909
499 459
803 131
490 138
955 76
97 292
950 193
456 133
497 623
162 491
238 326
7 145
500 709
581 828
660 205
128 86
585 438
765 321
360 479
77 990
683 932
770 618
707 123
221 903
18 396
437 502
703 975
566 349
933 630
294 176
651 753
854 472
345 248
20 416
406 585
800 900
749 159
345 105
173 167
367 696
632 807
445 30
728 422
269 336
164 634
200 947
717 359
499 845
762 845
377 297
910 235
434 224
696 179
101 231
472 478
4 146
706 276
657 184
714 827
438 619
101 956
540 147
944 812
924 370
70 38
719 447
131 958
425 669
988 428
53 909
844 904
758 194
481 150
317 520
942 263
434 804
897 644
334 373
192 350
871 54
812 503
141 427
516 585
847 57
794 439
335 853
15 843
470 882
24 310
854 670
993 624
444 723
484 384
361 91
604 433
732 126
642 146
537 120
594 123
279 771
305 396
971 879
475 124
582 619
17 893
256 231
488 112
785 932
146 682
612 329
484 964
351 372
206 521
390 926
160 865
118 432
854 484
749 242
274 40
7 718
655 98
821 790
613 724
998 918
970 451
875 107
717 63
905 372
411 35
601 37
730 691
490 620
252 899
682 366
706 376
140 374
583 34
880 328
164 380
93 306
495 642
831 11
740 527
838 86
562 283
246 633
563 14
191 881
291 883
58 586
130 431
684 778
60 44
758 191
861 239
163 269
879 240
862 393
443 13
13 307
568 982
182 362
865 20
149 851
743 15
396 268
8 355
628 381
646 628
439 238
666 94
205 614
24 274
921 4
279 694
820 250
604 405
759 827
628 720
500 654
85 792
65 809
105 58
103 483
305 424
641 54
262 30
565 671
552 518
686 593
998 487
464 287
877 970
346 86
972 774
989 736
131 649
389 58
109 96
971 454
994 957
540 625
869 667
622 24
657 580
269 438
754 172
94 405
386 626
518 299
705 848
479 69
130 591
807 779
599 111
722 801
725 398
726 953
138 702
412 305
892 265
240 8
675 491
522 536
248 515
924 404
526 64
93 485
994 80
614 777
179 196
759 124
204 657
27 904
14 694
454 457
792 988
819 261
767 91
442 368
83 126
357 611
642 393
185 722
900 977
116 510
231 799
767 185
288 937
606 639
898 174
404 795
371 168
357 837
386 706
572 808
647 190
941 413
470 927
831 606
715 875
236 853
475 55
443 469
45 377
106 377
389 574
901 576
369 989
133 726
940 234
889 758
152 155
732 324
56 925
920 70
3 938
336 125
673 786
621 572
142 719
401 567
828 615
940 264
998 530
308 98
829 512
646 190
116 711
378 490
354 339
987 962
502 859
674 926
958 159
916 75
38 25
539 516
189 131
815 435
474 472
507 800
22 621
527 156
967 37
606 383
791 795
795 220
898 405
411 215
71 129
807 525
477 938
278 293
784 730
880 115
882 501
22 830
79 827
316 479
942 383
856 252
163 372
398 749
239 705
311 340
684 978
832 101
728 950
605 368
899 473
370 643
767 204
889 651
537 321
126 663
689 142
694 441
236 923
63 602
174 417
693 767
949 613
396 683
552 273
951 187
555 754
771 561
298 617
408 41
409 784
484 380
980 601
34 191
842 582
347 44
103 555
20 109
516 938
397 101
725 800
615 460
466 581
621 911
177 574
732 296
539 932
579 444
603 61
930 199
167 44
939 31
315 793
103 926
257 911
261 72
601 957
748 564
750 30
18 175
60 598
479 12
528 297
768 419
201 136
810 34
415 933
877 250
493 753
577 198
481 745
703 386
173 755
467 426
251 451
640 540
588 962
455 309
95 210
188 464
799 720
434 112
239 775
919 219
138 781
669 560
767 317
605 434
552 814
663 214
500 320
47 381
72 583
987 751
344 923
793 858
871 49
853 550
428 426
792 258
496 965
465 266
106 12
126 75
988 98
228 575
889 995
931 194
128 789
400 522
958 745
746 79
855 355
231 517
676 662
589 435
717 382
101 233
963 194
890 598
360 429
696 583
290 424
612 763
423 68
932 545
380 39
994 807
132 490
774 41
464 10
895 731
945 605
440 290
540 622
613 96
163 124
564 356
103 898
877 811
643 783
464 296
235 631
363 570
806 376
165 320
972 80
666 807
574 996
901 92
460 316
910 426
322 192
860 829
721 481
703 337
138 667
657 889
485 800
434 306
109 884
56 256
554 3
592 338
316 818
985 163
486 614
843 35
865 623
222 60
848 635
425 990
905 452
692 772
473 970
865 472
884 556
630 216
780 146
62 532
688 931
947 238
417 847
804 301
936 125
331 629
987 858
144 16
533 730
217 116
794 246
646 48
339 207
195 230
139 49
892 929
895 450
698 522
666 44
334 342
941 150
872 969
62 961
6 980
776 691
58 383
729 757
345 808
895 288
97 355
691 791
154 922
67 343
332 550
738 748
140 616
256 85
202 817
722 184
470 314
858 392
637 301
266 421
986 500
502 594
727 47
108 573
830 268
940 436
815 696
707 451
212 995
708 936
674 776
17 523
271 170
476 936
705 678
63 308
502 892
506 371
14 200
240 299
422 157
151 945
647 588
319 751
787 891
658 423
236 191
570 555
311 655
403 704
613 759
229 766
892 402
472 93
435 83
91 757
22 561
562 730
759 981
455 765
900 414
597 52
815 109
526 496
174 192
896 178
520 137
995 873
362 278
399 943
398 534
455 547
630 87
904 695
356 932
766 695
71 595
611 137
370 668
740 770
165 614
784 44
254 506
831 846
154 220
343 672
445 345
992 190
331 972
245 654
435 376
690 269
710 840
883 260
774 437
528 521
413 835
305 378
919 928
481 353
339 871
205 481
979 646
626 992
926 387
395 329
380 905
676 686
538 651
445 707
393 888
531 645
341 530
986 345
414 198
91 119
504 853
65 592
645 888
917 522
63 74
376 766
986 123
327 321
241 128
294 138
262 692
803 912
806 305
475 611
497 495
632 670
501 495
566 164
288 78
569 179
56 474
421 238
61 855
850 504
545 170
319 515
855 589
131 281
981 23
86 357
752 321
971 33
238 544
169 127
631 987
834 379
874 700
601 28
839 238
586 303
607 82
330 10
450 923
649 950
134 958
709 526
486 697
931 540
215 768
679 726
520 165
888 607
545 726
362 266
576 204
861 229
803 547
421 516
144 164
886 344
279 426
871 12
158 585
396 326
183 14
595 438
633 239
392 945
630 701
818 363
659 981
841 986
348 254
702 917
793 927
331 1000
116 66
889 966
357 888
28 904
68 237
200 61
614 405
613 439
409 791
67 303
508 363
91 437
163 768
203 735
884 254
698 567
814 737
394 212
272 760
256 29
460 235
150 638
849 242
500 630
966 895
953 172
275 408
683 375
811 186
835 313
323 356
17 945
237 790
898 870
422 360
725 513
673 174
215 803
276 933
540 698
868 31
602 111
485 553
470 471
542 363
634 686
855 992
507 862
169 185
612 235
977 530
64 623
640 622
227 476
433 589
164 459
476 549
723 604
64 175
579 512
563 135
231 269
527 864
198 222
199 819
592 405
403 982
209 987
601 489
32 956
805 223
883 787
4 434
671 570
908 333
303 742
931 649
14 623
291 806
406 213
391 259
840 589
931 790
438 826
554 755
296 799
996 880
249 801
196 376
550 798
359 630
771 782
903 373
559 759
447 307
283 809
547 164
345 892
162 410
436 557
958 421
974 37
498 290
79 451
600 538
582 478
585 330
256 74
719 787
760 992
120 383
48 492
850 25
533 91
238 467
954 896
794 617
135 339
447 77
929 198
976 231
684 168
578 679
688 171
267 552
401 510
879 191
437 456
481 840
30 345
90 492
878 125
19 40
702 303
722 537
192 564
498 354
748 537
964 622
269 400
553 541
950 521
612 56
260 85
736 615
373 748
246 362
912 684
865 652
921 914
792 716
528 860
133 662
476 666
937 152
921 771
227 504
445 401
855 746
661 925
494 838
743 581
9 542
598 328
909 435
268 317
785 109
804 735
252 780
952 938
202 9
701 49
84 53
378 854
810 603
67 794
429 159
800 477
608 154
749 598
914 557
704 648
754 812
740 879
120 880
600 186
947 399
306 317
110 783
606 880
723 180
137 825
182 680
600 841
505 683
543 246
840 327
434 35
915 463
137 539
543 135
358 331
175 771
93 662
955 231
632 88
4 591
54 227
611 225
134 75
864 810
24 161
812 458
885 652
891 707
191 31
211 949
66 256
366 19
996 142
778 473
82 570
18 466
403 116
223 287
902 878
595 648
564 377
324 914
642 332
76 51
63 311
981 784
29 355
801 138
765 697
553 633
293 318
331 71
596 697
828 543
464 676
28 61
375 406
506 483
587 278
695 835
19 290
369 793
796 58
504 512
375 263
378 25
391 607
568 457
770 669
165 69
151 150
84 363
877 338
883 941
347 927
848 600
776 133
49 581
657 134
87 977
308 994
115 708
761 314
239 687
75 902
278 121
728 988
838 97
876 300
126 343
774 761
153 193
211 55
139 306
503 935
606 876
561 349
616 896
413 544
510 208
737 124
618 169
301 235
965 132
397 623
902 383
867 917
448 720
15 562
495 58
298 514
261 414
888 222
11 171
12 576
875 552
57 345
76 403
335 722
565 753
12 727
142 546
258 883
523 165
906 39
835 87
730 803
638 872
642 749
94 714
403 35
962 857
170 141
977 779
809 594
501 494
325 688
188 896
95 986
645 175
341 454
95 107
761 523
446 643
694 112
327 132
557 718
882 765
706 271
838 938
430 375
88 74
250 174
890 67
302 173
625 310
78 820
701 121
403 810
232 900
184 556
687 443
490 324
145 295
364 429
758 240
610 53
168 192
940 614
692 531
272 174
898 110
918 85
338 163
231 940
815 352
680 202
900 951
369 483
943 627
229 723
269 544
662 217
388 404
82 47
138 365
908 377
552 275
2 748
497 620
188 711
269 391
916 195
738 661
461 26
962 513
730 741
233 971
401 759
531 188
48 124
613 360
820 534
821 379
309 23
404 381
765 430
531 714
494 252
976 139
460 52
78 511
65 940
891 376
158 439
808 852
994 611
167 191
869 289
373 995
288 346
252 293
972 46
21 982
798 758
378 383
803 796
661 678
638 927
49 850
173 534
681 803
839 431
758 522
511 782
919 503
592 563
222 70
848 913
240 920
959 615
709 592
89 319
680 874
682 280
187 682
226 140
198 110
818 91
236 324
726 664
733 975
383 260
876 395
932 437
571 351
183 109
865 126
205 757
650 578
633 138
906 552
626 974
880 605
995 834
702 950
738 599
847 171
923 225
210 220
180 900
346 428
917 25
654 132
577 844
375 555
46 761
604 35
73 701
917 138
479 537
595 800
228 799
854 575
488 228
566 99
513 923
185 196
98 495
445 522
427 3
300 275
998 510
232 233
655 939
177 600
363 897
34 931
822 136
441 931
962 263
565 858
622 293
113 811
943 180
299 474
910 654
656 793
234 829
109 447
716 361
627 318
902 786
79 41
618 583
288 24
968 618
43 878
824 41
136 460
597 316
507 419
774 834
881 153
536 524
723 650
562 564
653 715
800 129
751 908
982 377
62 320
696 338
956 796
648 469
387 11
923 77
526 26
840 829
18 853
369 559
173 503
959 744
672 314
587 169
799 120
903 549
481 70
672 681
856 182
822 927
606 998
311 158
810 747
631 593
615 876
339 209
73 29
331 853
68 256
324 170
54 855
681 751
441 402
116 20
867 756
651 259
672 998
875 801
604 481
896 426
510 260
920 288
318 377
971 959
145 811
275 644
85 805
413 238
15 590
563 472
332 962
209 9
300 352
121 837
786 667
683 289
663 783
564 548
621 597
34 967
137 470
67 149
858 168
270 346
312 76
129 618
8 325
6 304
929 963
68 521
786 972
609 827
155 647
907 916
251 62
713 965
878 393
187 790
616 152
799 999
952 279
901 207
429 574
66 792
123 361
565 370
469 333
397 416
198 424
109 854
707 264
865 536
442 827
494 752
922 577
666 179
801 580
827 708
420 150
424 81
960 419
781 139
549 959
738 104
244 993
279 162
305 803
857 846
182 555
205 970
784 202
631 644
508 669
364 473
936 234
724 137
22 277
874 282
819 695
112 529
511 491
926 596
340 513
414 264
605 11
475 362
77 498
477 440
172 458
140 808
659 808
181 436
918 795
613 401
940 967
244 468
428 243
56 578
92 128
266 101
964 92
875 555
931 365
681 886
725 777
432 980
345 597
436 772
972 726
557 364
885 879
551 786
612 268
831 226
964 385
512 2
74 927
328 611
807 117
612 403
892 99
94 485
782 20
739 784
327 97
520 363
773 71
759 98
454 876
922 562
631 36
133 329
250 982
198 353
841 745
539 295
189 98
83 739
838 273
42 461
330 8
147 594
117 448
101 971
246 236
127 187
109 604
735 824
205 797
836 641
249 41
89 720
394 230
295 876
577 315
747 119
490 468
921 310
978 673
282 504
466 109
358 167
823 171
845 687
404 843
832 774
262 409
135 165
11 923
773 442
291 507
665 170
713 150
50 627
290 161
257 424
24 333
650 641
135 555
229 444
512 674
620 579
492 802
906 998
625 472
530 826
381 322
827 360
627 299
154 754
34 944
142 401
355 712
346 78
157 66
199 459
626 885
561 998
48 703
87 374
859 217
18 283
256 428
76 229
705 755
479 248
227 147
190 101
318 62
138 896
471 516
384 512
901 101
320 398
730 201
677 462
661 215
556 938
467 574
515 524
806 61
700 528
99 139
610 479
913 185
1 775
610 773
960 380
580 957
227 303
675 963
657 188
889 315
197 284
970 28
511 252
232 777
631 735
672 654
624 151
788 768
791 143
351 660
33 198
175 410
838 174
845 706
554 753
3 269
405 417
49 511
638 267
658 595
145 556
718 483
594 853
427 582
784 133
111 766
888 57
727 448
603 606
965 347
915 714
614 398
167 649
404 77
522 488
813 151
10 196
525 739
803 385
822 111
881 993
648 906
556 191
314 190
722 211
405 869
466 917
897 245
652 826
729 612
849 220
81 106
355 663
121 793
34 928
440 503
144 478
635 572
462 520
673 223
698 378
310 588
855 801
315 806
178 742
527 386
568 209
342 204
442 962
227 233
359 523
855 364
240 145
256 726
768 472
665 830
902 573
118 342
778 615
891 978
165 175
256 837
169 36
98 130
703 419
890 166
657 783
752 440
628 790
23 438
778 857
399 559
982 745
306 70
144 885
610 152
973 810
667 67
282 239
536 905
429 780
700 393
168 10
39 825
540 354
564 114
560 651
98 710
351 648
600 188
106 845
141 378
73 28
168 545
330 437
439 117
757 490
796 698
528 56
140 950
207 583
864 480
718 511
59 78
31 464
599 584
448 583
70 736
586 853
328 61
187 226
668 5
287 460
715 776
849 286
357 15
536 352
246 793
334 789
67 118
487 781
842 748
807 370
967 36
898 701
4 764
9 130
962 360
545 304
949 30
12 387
313 244
544 648
303 401
644 435
534 891
501 520
427 413
122 991
854 4
964 588
342 232
329 671
517 220
313 470
740 491
333 555
463 588
749 99
680 630
242 487
394 768
161 523
880 365
977 745
869 939
912 424
341 258
89 473
363 214
861 587
810 283
44 811
779 856
703 734
487 169
434 55
662 557
738 105
957 457
596 383
852 225
102 667
226 292
27 829
29 427
178 173
795 304
64 294
379 939
430 789
762 436
447 626
598 790
983 540
289 624
451 786
845 539
813 711
22 338
116 105
409 911
393 562
504 267
413 943
660 464
936 920
186 91
614 171
319 261
201 446
723 289
727 377
621 935
859 990
110 212
935 477
350 711
422 752
924 613
502 514
786 527
695 509
147 187
848 476
915 190
223 381
80 5
850 537
355 909
483 192
394 627
983 279
20 393
792 418
276 627
293 437
85 237
754 204
596 218
563 398
817 898
895 621
369 500
734 677
769 807
809 882
4 20
79 624
669 774
528 934
925 700
498 208
329 405
368 626
575 684
243 911
17 48
37 61
23 510
117 463
869 848
31 531
567 765
862 43
813 605
886 445
376 310
710 239
966 5
353 90
540 426
1 481
989 45
862 325
274 978
888 320
124 151
410 306
913 681
914 642
20 565
149 919
163 491
563 768
713 4
343 321
127 766
884 987
866 128
33 535
806 938
833 968
462 480
515 165
290 17
163 773
129 149
59 852
358 736
381 321
759 620
228 244
855 441
695 336
328 674
86 95
333 431
775 280
137 412
621 540
897 394
627 439
755 362
574 658
25 759
393 123
910 688
858 97
983 520
591 641
540 693
243 559
887 238
268 976
927 643
622 105
74 515
471 519
40 655
774 584
773 41
977 902
962 114
565 458
29 297
454 830
520 264
313 526
355 135
285 624
622 843
306 599
863 39
41 500
5 337
874 780
398 768
865 583
493 638
386 856
539 258
937 289
249 234
675 962
160 373
386 971
352 249
355 498
856 45
840 658
808 176
586 461
509 394
567 254
438 910
455 996
847 486
671 922
766 754
953 823
606 923
334 98
857 454
280 647
137 770
390 700
192 339
953 672
201 139
600 511
504 468
432 81
563 616
957 949
451 220
346 446
280 980
673 515
214 621
819 829
733 863
58 201
132 688
360 616
216 833
911 430
384 929
846 145
145 140
500 597
613 466
565 823
234 537
950 371
328 734
517 948
738 921
996 149
320 862
561 944
328 557
416 879
111 290
740 146
647 326
337 673
86 996
983 366
631 344
231 575
273 987
950 959
441 605
152 1000
961 406
728 391
160 435
969 931
253 486
902 717
905 383
451 945
711 87
861 614
53 601
662 633
661 922
259 54
173 612
634 782
588 881
917 933
130 313
818 867
84 48
247 516
213 916
417 835
553 111
154 34
305 918
325 91
272 89
164 95
352 471
5 777
769 411
602 855
419 107
348 899
610 362
116 487
870 824
136 839
157 675
984 651
215 38
145 527
954 367
917 345
284 254
3 505
28 427
198 892
836 783
885 454
773 414
954 65
426 486
828 863
618 82
690 583
802 141
31 333
971 782
379 443
767 708
181 225
208 193
561 835
263 511
877 745
952 320
436 64
475 746
132 345
1000 795
233 588
541 84
924 860
816 637
636 86
980 98
406 522
541 748
27 323
943 337
146 727
13 940
930 604
952 252
313 582
5 280
43 733
321 979
104 477
285 568
914 72
807 663
761 477
905 411
448 474
806 404
352 550
631 864
83 694
464 852
748 60
586 291
143 940
469 654
573 39
596 376
466 357
339 913
641 911
329 171
349 56
371 480
946 42
918 76
136 916
908 114
123 772
16 186
658 521
943 600
783 899
182 250
111 704
811 662
222 747
82 70
818 466
840 358
274 140
920 318
139 20
962 649
875 668
806 798
148 156
466 97
741 315
608 677
926 391
379 470
178 599
759 907
560 67
449 516
414 202
471 431
533 400
369 45
958 903
124 497
609 635
977 255
744 158
568 216
533 370
152 659
88 529
109 389
147 920
188 938
578 396
338 937
544 260
906 407
319 702
251 220
318 139
663 333
189 158
227 87
598 841
496 52
633 597
744 858
835 549
654 107
985 80
626 354
514 34
925 556
486 546
216 2
252 960
18 776
350 461
526 983
451 790
532 865
776 307
800 425
729 373
533 685
588 520
511 171
888 722
540 427
303 703
609 136
124 883
953 651
571 308
809 495
804 214
642 25
746 965
230 242
656 485
750 901
567 209
146 783
348 361
422 928
578 778
466 796
105 100
659 695
297 615
437 173
89 419
337 9
300 411
11 200
162 84
257 328
150 765
652 657
764 775
566 53
751 251
932 935
472 48
263 455
985 583
877 689
589 125
555 181
280 437
942 624
947 575
324 582
990 611
518 458
79 541
503 224
655 231
416 36
125 558
623 275
95 938
242 330
488 719
189 305
924 132
485 678
677 460
4 122
276 647
425 203
557 786
83 931
980 690
748 983
734 646
481 748
66 862
30 829
89 487
861 513
184 397
810 321
39 561
300 759
917 896
286 689
752 79
362 722
376 339
448 800
714 7
810 754
353 101
260 727
395 888
312 557
568 960
294 717
300 827
647 433
719 72
957 579
376 160
304 141
656 434
250 697
913 549
594 226
708 161
577 976
979 868
375 695
356 798
106 408
552 754
662 363
718 50
885 515
894 339
932 628
152 446
261 356
154 724
926 110
379 271
994 786
399 234
235 457
755 216
21 676
531 505
150 776
360 176
252 102
769 674
630 887
367 919
316 651
284 425
30 349
916 294
385 810
445 858
333 383
255 615
240 260
991 179
901 71
744 186
561 738
821 784
974 470
479 791
71 394
450 658
217 133
729 432
387 255
801 445
493 609
921 688
143 194
248 604
246 187
417 977
18 848
594 755
335 499
49 686
123 541
306 215
587 170
331 616
244 831
316 412
135 952
417 819
272 90
480 780
983 351
266 520
585 814
382 20
917 759
867 616
638 293
107 303
290 682
96 92
144 322
897 900
736 172
576 325
532 146
528 216
620 630
20 972
149 160
977 359
741 262
945 769
992 356
479 638
426 374
67 120
604 177
327 570
953 383
67 9
366 269
806 556
823 710
665 732
121 932
216 636
91 780
873 978
178 648
548 830
165 414
238 188
43 830
725 694
378 323
341 189
53 361
937 478
705 810
264 48
818 587
800 962
378 178
144 550
200 866
311 650
574 20
229 761
765 919
108 510
456 871
329 511
84 185
39 616
61 16
942 651
355 303
583 111
195 822
416 697
59 955
143 574
175 137
503 748
109 629
663 164
889 497
526 356
912 328
931 756
685 445
61 355
373 177
415 444
700 332
889 211
871 487
272 213
754 991
776 709
390 645
282 274
549 496
842 330
71 876
385 27
849 606
614 222
563 556
837 437
237 745
556 355
945 988
233 66
72 64
354 950
906 961
525 553
793 337
667 341
717 402
336 115
1000 154
393 972
416 315
938 336
186 669
760 762
372 704
724 628
872 99
285 642
863 303
475 614
39 345
960 966
145 67
639 820
514 933
878 424
517 62
89 773
540 881
180 314
618 813
584 917
490 908
164 589
369 825
395 957
951 958
831 501
899 771
402 345
267 823
943 74
781 347
731 996
210 257
737 615
85 755
248 404
190 539
333 15
184 720
562 477
156 158
32 516
509 484
382 882
112 338
741 777
671 379
802 671
213 572
128 52
770 161
55 169
723 131
966 293
698 975
419 34
311 112
115 883
196 736
906 560
92 544
486 254
664 578
371 138
571 794
889 969
67 645
177 453
215 261
230 51
833 974
193 456
651 221
319 315
285 375
910 623
147 394
275 705
521 697
945 841
508 215
664 143
828 898
980 837
450 344
507 297
953 183
204 335
959 475
137 386
820 897
852 7
243 384
209 368
289 184
753 371
237 162
517 880
294 171
656 948
372 843
356 368
711 446
968 626
806 342
720 19
646 303
777 44
669 966
734 756
293 541
118 329
504 717
946 476
393 420
213 43
571 969
557 930
134 893
650 840
639 526
127 378
40 830
493 636
334 896
335 361
338 575
523 879
672 419
766 903
285 656
490 642
182 756
199 814
667 120
891 646
710 190
417 933
17 163
697 860
148 819
584 342
204 727
69 140
2 136
492 826
278 37
675 691
221 165
988 290
222 902
541 786
144 456
239 449
794 446
867 732
274 151
620 812
538 955
867 813
82 15
615 187
675 126
768 652
491 705
791 240
569 592
76 576
612 530
647 13
775 88
264 586
824 514
280 244
137 301
194 94
676 626
185 57
367 801
746 506
985 674
644 553
252 103
753 398
369 201
494 156
759 656
906 330
472 954
971 416
402 989
851 39
523 463
624 524
17 690
74 549
200 760
75 452
167 300
526 871
7 711
321 68
714 533
191 523
229 708
126 864
986 961
734 355
494 728
344 1
668 343
916 859
66 978
106 519
583 27
987 946
854 784
176 919
727 972
957 943
918 311
365 376
204 763
98 338
459 54
966 67
400 928
93 45
476 219
866 879
153 232
27 707
323 568
692 727
344 637
496 904
371 292
465 735
305 308
250 619
911 984
96 93
224 548
150 382
950 886
58 393
617 894
358 332
305 336
331 226
400 620
607 779
798 340
418 128
849 172
208 308
368 938
21 342
971 933
121 826
431 619
894 735
976 184
907 682
746 478
161 460
56 230
459 291
422 437
294 800
685 625
262 706
66 451
531 887
255 949
406 921
668 292
372 899
289 465
811 915
773 111
285 901
416 988
74 680
204 859
99 239
209 747
249 326
835 587
598 63
344 110
861 344
208 557
563 341
515 726
990 116
425 828
767 354
434 50
663 167
945 390
619 811
641 909
606 55
629 510
688 16
157 867
748 476
879 890
850 396
370 208
858 899
499 610
456 435
594 905
135 189
192 413
605 514
344 712
890 81
756 149
370 632
741 583
283 871
654 666
489 94
444 658
926 378
672 885
876 749
860 234
689 359
590 903
367 10
270 330
723 290
180 751
953 297
129 831
332 994
872 311
870 358
376 550
125 181
785 980
971 701
989 684
792 24
193 445
194 846
177 612
189 585
426 141
303 449
939 185
902 847
595 683
247 100
983 272
347 562
534 794
539 620
464 758
51 310
311 888
502 504
602 439
535 585
757 585
169 208
597 240
127 321
943 768
84 148
838 277
800 498
931 889
536 759
296 124
244 594
26 269
634 230
726 702
936 428
168 54
520 171
919 61
957 490
429 849
987 875
435 448
643 39
365 895
61 390
857 554
762 245
934 629
978 317
151 373
514 187
382 45
457 890
41 635
426 779
772 691
287 150
641 292
434 538
733 86
60 765
24 290
685 211
233 172
589 567
976 580
243 71
614 74
104 671
836 208
965 500
750 127
194 944
842 720
189 651
100 314
963 124
86 765
181 39
788 113
604 526
190 271
265 212
855 43
967 557
982 57
613 781
238 27
419 863
610 733
368 720
574 864
385 716
761 863
78 627
132 161
394 530
53 319
237 50
844 30
522 790
640 757
659 83
218 481
476 797
131 490
684 920
852 608
472 108
214 887
881 240
597 148
913 189
108 455
532 545
889 334
585 581
342 608
382 909
844 674
408 690
635 303
291 863
420 57
404 678
791 26
170 960
231 233
52 760
787 691
311 177
83 78
469 246
418 697
371 331
714 487
491 930
130 148
720 706
617 752
220 19
35 564
810 933
176 73
358 417
486 362
641 433
73 727
382 299
59 772
962 719
543 62
927 159
345 759
306 855
208 329
225 621
712 73
106 695
417 179
158 900
133 791
461 138
907 304
551 833
773 455
422 319
480 908
389 462
708 812
677 827
273 557
309 231
503 438
218 163
424 440
902 791
835 304
657 592
108 758
734 582
665 913
216 303
702 746
735 184
352 831
721 474
540 954
298 317
541 367
545 852
431 123
344 403
696 232
970 459
171 366
346 545
425 950
703 431
502 164
31 694
92 928
844 375
95 319
117 275
335 332
472 358
182 721
793 620
539 144
525 157
411 261
514 430
164 203
112 268
701 956
249 147
597 891
793 654
463 462
413 636
514 567
827 891
673 958
318 866
852 286
598 782
305 708
291 38
760 181
188 934
10 386
690 352
875 804
415 651
589 622
314 124
799 23
379 606
453 599
737 308
188 644
954 63
239 43
429 650
121 840
746 322
858 403
161 225
362 546
882 301
225 795
846 240
704 729
726 410
108 933
15 363
309 74
366 21
591 548
295 43
356 43
376 745
695 522
419 791
665 595
6 309
864 921
32 336
712 466
967 906
34 674
165 412
937 435
460 200
961 341
723 149
803 842
843 777
826 553
630 627
607 372
209 601
527 19
313 168
610 999
46 251
991 725
248 668
635 24
761 982
873 643
326 323
473 781
971 58
43 623
433 399
951 965
628 886
429 987
212 29
412 559
158 570
516 181
165 929
689 559
572 252
903 516
26 200
463 61
767 67
297 551
292 139
44 468
763 338
129 370
908 508
6 939
297 821
157 565
362 199
16 859
828 666
315 329
245 568
229 387
690 663
958 680
618 437
160 741
898 961
654 949
569 655
173 194
572 518
594 458
621 931
716 633
336 117
544 970
87 248
842 927
115 872
475 858
294 306
355 800
485 429
468 709
608 432
403 406
212 526
929 994
323 431
141 38
542 374
29 321
697 495
91 520
152 621
991 245
403 372
191 509
138 715
485 784
515 535
554 51
31 761
806 101
39 526
658 331
378 950
307 494
120 609
433 260
382 993
990 652
140 133
714 238
52 939
577 318
889 124
980 173
505 267
209 778
718 537
666 508
135 787
374 615
819 662
801 935
495 785
687 407
859 626
244 390
266 800
358 442
840 133
698 815
970 520
935 526
756 25
79 500
316 891
553 304
819 805
840 241
517 698
129 233
703 643
742 239
780 904
162 83
185 178
29 993
727 142
34 921
966 886
825 898
589 233
562 574
345 293
661 349
973 155
612 301
117 841
264 797
692 325
877 831
878 104
769 756
369 104
635 885
427 328
123 89
161 356
57 827
557 766
262 538
203 126
647 840
310 182
285 588
786 51
711 99
521 725
739 17
960 706
613 520
523 784
746 255
856 275
225 622
754 462
406 275
923 103
340 876
362 439
236 412
115 553
784 830
677 13
704 674
60 1
633 961
740 995
35 325
364 399
718 714
311 176
439 511
97 12
173 175
728 922
942 574
782 635
913 760
897 659
292 195
700 192
371 330
201 143
940 870
776 671
742 478
79 640
93 794
810 930
357 133
542 140
196 5
399 416
756 125
25 155
154 561
873 447
354 650
327 962
807 500
793 158
155 885
381 287
586 623
989 610
99 560
137 339
465 206
525 960
767 701
417 391
367 803
850 699
310 976
746 504
18 489
879 196
937 709
333 288
798 216
105 385
279 900
934 298
61 332
96 844
705 722
798 837
503 193
48 16
900 253
151 933
134 573
763 177
126 791
234 985
682 53
477 599
802 440
744 173
283 130
981 103
428 937
731 66
593 551
509 410
122 9
654 38
602 287
195 863
678 152
493 606
46 592
210 596
883 839
679 518
297 284
944 961
729 257
838 493
162 898
330 220
222 838
761 144
979 201
390 541
946 2
624 168
486 90
602 851
162 612
457 160
280 743
617 578
45 985
769 811
396 390
742 539
128 939
890 474
898 195
628 326
521 900
611 656
135 232
671 970
605 82
555 677
846 420
44 166
889 903
873 266
250 843
141 680
401 919
788 357
607 885
522 393
758 739
689 424
319 837
291 79
253 489
916 129
572 611
884 317
544 816
320 638
432 814
877 596
96 411
205 215
261 325
686 606
247 380
180 299
843 605
493 220
262 444
775 348
586 625
89 183
48 749
935 191
497 106
583 548
103 990
606 794
659 172
656 119
989 921
317 304
137 186
269 429
381 841
317 417
924 207
375 367
344 449
127 478
570 563
41 423
332 354
86 337
14 498
492 88
701 140
973 743
243 950
929 513
329 333
937 14
494 869
409 421
891 723
896 977
680 808
792 950
796 838
362 286
182 189
538 317
117 8
945 277
946 38
303 679
42 768
217 126
19 852
187 438
832 897
351 747
944 715
671 648
488 727
16 190
127 880
720 930
997 744
961 732
569 835
970 642
300 141
48 254
695 52
182 75
776 806
266 156
680 386
369 121
362 756
367 133
885 760
82 759
82 439
466 598
565 762
508 61
517 615
699 908
504 563
606 371
379 200
159 542
608 450
845 43
276 794
81 454
782 484
964 399
254 747
437 265
789 740
669 78
871 912
334 854
610 678
536 829
829 648
811 389
393 316
468 736
551 511
795 905
669 912
723 731
924 66
372 412
996 563
537 867
238 552
467 262
344 251
832 336
726 700
32 936
291 933
923 184
796 938
451 683
453 89
914 477
828 123
150 107
162 573
241 988
37 491
426 870
170 780
582 185
785 473
70 365
73 479
241 941
277 205
108 892
571 185
883 379
41 650
138 276
874 26
824 779
761 289
205 300
188 734
865 501
712 960
286 55
208 367
405 843
389 310
811 93
916 185
613 145
177 565
215 981
896 37
974 354
506 622
350 567
481 804
152 324
946 870
30 357
472 929
717 149
440 63
976 17
679 217
901 111
942 885
962 79
838 570
289 415
18 55
533 697
541 137
692 11
344 441
17 501
596 623
669 741
763 246
946 426
676 365
714 990
662 598
420 837
888 933
101 920
374 736
315 184
967 401
442 620
888 643
227 563
341 798
361 662
947 443
568 964
488 21
760 300
577 650
887 877
637 634
234 63
297 515
662 13
999 452
422 781
548 108
478 845
337 335
874 126
768 655
440 560
21 93
298 562
803 391
452 319
312 490
665 426
445 658
587 841
567 471
309 451
439 576
138 253
980 868
983 7
824 500
676 637
4 518
646 93
925 417
581 568
933 655
713 655
114 127
371 596
329 788
165 486
995 299
981 772
982 39
251 43
327 406
221 911
260 93
152 638
826 550
969 299
247 223
263 858
69 747
308 321
899 958
293 403
576 721
721 472
763 37
484 514
268 727
307 11
365 257
880 20
60 337
481 268
157 354
917 831
679 432
24 719
270 52
889 360
965 707
287 491
843 171
274 75
95 334
437 525
429 774
446 956
52 930
202 384
809 248
98 337
102 425
473 147
601 382
231 15
839 972
730 875
757 67
16 83
992 828
644 605
845 625
42 878
525 351
641 354
111 792
294 964
704 398
137 515
232 415
569 512
935 721
811 591
573 676
794 691
387 891
10 226
214 386
897 186
241 544
521 758
959 300
941 337
671 376
640 196
1 127
402 651
901 739
401 577
396 518
741 117
82 562
655 773
163 655
130 704
378 476
911 220
744 641
750 269
475 542
302 733
708 544
412 101
632 762
621 402
783 135
52 947
843 920
21 442
592 152
646 389
243 776
804 517
531 199
381 938
350 976
155 43
340 229
143 570
701 237
437 793
393 803
259 827
706 338
28 330
835 874
632 204
606 171
827 586
424 231
758 102
874 611
841 378
624 70
680 952
532 825
611 832
853 402
304 412
766 700
261 273
899 487
793 872
166 730
315 252
615 905
672 571
512 768
178 268
126 588
842 231
989 116
150 174
230 120
585 95
803 144
77 44
760 211
614 210
462 31
619 360
159 197
346 508
400 572
497 632
648 588
279 748
548 804
513 180
676 832
208 388
651 2
621 784
859 935
401 771
396 769
6 90
357 446
585 460
324 329
185 5
973 100
206 685
82 647
156 386
428 415
711 688
103 799
713 575
411 605
29 61
726 532
289 144
327 312
142 514
185 487
647 823
320 522
177 891
15 111
549 37
511 572
407 465
707 311
47 958
415 826
401 216
511 653
557 809
463 558
448 285
696 674
514 848
17 264
970 446
222 451
516 117
27 64
505 190
948 504
363 168
878 633
700 361
334 987
800 319
948 623
610 90
723 937
852 3
193 410
502 396
715 317
809 304
828 116
923 296
823 307
562 59
945 129
309 554
236 638
690 343
799 203
585 123
698 954
805 614
610 747
457 968
665 179
349 682
927 23
91 287
770 334
981 853
281 299
45 194
341 731
505 837
801 347
534 270
996 409
742 237
926 484
677 588
396 899
698 15
955 404
850 834
944 131
569 282
134 154
215 837
996 78
928 486
323 508
604 923
240 398
555 57
756 590
995 270
706 204
438 163
483 226
691 521
564 313
62 42
464 725
119 15
907 981
52 964
583 662
807 884
757 697
977 521
635 85
429 750
820 449
714 588
507 966
952 185
716 178
682 494
757 554
153 724
995 125
981 50
140 502
877 129
143 717
536 679
156 338
148 343
344 282
455 700
10 937
568 743
342 726
71 492
742 395
322 770
897 608
653 969
171 775
300 929
46 69
532 506
250 480
287 165
895 464
219 531
779 725
887 876
176 878
434 682
719 87
101 428
600 453
234 79
415 150
788 732
497 695
974 131
791 475
595 202
888 64
193 930
379 695
43 508
281 263
263 243
765 247
512 645
787 466
569 596
953 501
745 123
584 55
65 30
586 621
436 852
733 970
402 676
95 561
77 102
483 467
817 439
685 68
371 678
466 686
472 527
56 206
203 929
868 85
389 92
32 311
821 121
660 953
165 485
322 128
969 843
234 948
551 49
956 583
773 876
400 378
427 455
949 583
928 224
268 577
450 892
749 120
753 125
992 740
761 602
796 47
869 559
985 98
541 285
649 889
352 528
938 763
633 641
796 205
9 517
435 287
224 474
115 452
300 615
695 289
835 798
875 221
487 19
451 857
735 889
848 659
957 303
45 821
229 515
728 969
372 477
710 41
107 4
805 843
843 392
918 442
830 662
346 215
121 160
49 387
12 17
336 532
236 567
844 822
33 457
98 688
713 447
73 406
719 43
686 160
376 193
760 39
232 384
139 124
604 104
822 467
769 197
920 343
334 233
449 897
285 120
150 692
721 861
833 827
959 303
525 913
333 593
859 971
913 973
73 978
976 813
158 380
47 726
638 885
399 213
594 263
557 401
47 583
674 175
927 547
342 1
949 103
298 107
299 318
670 195
69 940
530 430
363 643
817 782
782 296
24 953
952 19
754 163
955 920
578 469
711 275
91 606
679 369
536 961
126 640
87 650
259 911
181 577
11 661
331 554
86 555
967 459
681 230
57 122
692 516
594 720
294 514
443 836
980 37
25 302
50 30
509 475
236 373
787 639
121 211
249 902
891 563
639 177
608 715
442 263
903 406
998 721
657 296
19 967
519 582
496 936
461 698
353 785
372 107
893 485
983 533
305 150
70 406
419 154
867 792
393 571
106 74
15 916
822 268
698 790
220 470
663 724
651 180
923 651
512 734
950 96
849 745
594 54
188 683
649 431
822 46
495 434
152 76
963 132
102 752
474 123
424 844
405 535
483 491
856 847
907 381
485 345
68 695
327 682
627 416
845 41
204 439
367 869
540 569
9 167
34 850
825 69
114 388
596 768
854 456
858 7
555 795
422 36
460 239
607 610
798 643
433 893
237 475
964 830
570 596
381 988
231 819
847 257
430 269
178 794
51 216
416 875
933 154
816 551
61 79
868 417
282 780
429 470
760 208
491 126
982 404
654 143
13 61
89 687
548 998
278 163
373 239
191 946
782 346
231 869
596 9
293 401
508 697
701 850
596 120
616 854
197 211
219 935
880 987
372 79
250 687
179 745
917 411
295 475
337 353
840 136
436 595
219 837
71 988
996 523
392 665
344 407
870 4
396 557
845 794
189 790
264 595
446 666
444 801
466 937
859 898
966 986
487 850
237 891
396 525
609 552
685 659
958 646
394 316
968 921
574 661
461 452
389 103
378 418
51 632
787 428
189 474
893 434
273 871
751 852
282 735
15 243
844 105
661 685
367 716
498 557
912 713
127 400
471 866
757 553
957 183
619 568
506 147
470 769
400 268
536 680
389 588
252 994
491 90
368 239
246 968
616 466
196 573
947 159
363 36
398 549
762 162
127 980
754 830
536 718
944 228
22 873
40 383
942 128
125 324
425 881
37 542
173 78
573 28
35 53
491 567
755 866
862 586
955 100
396 883
810 929
889 1000
181 195
249 521
996 559
928 839
730 607
68 90
750 538
41 222
224 712
668 793
940 22
369 761
390 243
910 970
696 594
934 655
167 999
738 801
298 850
941 764
232 210
450 185
966 849
60 952
360 182
128 300
592 769
846 954
685 520
673 64
748 764
964 449
983 359
916 300
76 1
425 271
829 227
434 455
26 653
778 668
281 924
468 794
930 563
768 410
916 514
810 554
260 238
445 54
428 932
714 609
715 184
164 386
56 267
212 406
710 509
322 466
108 39
491 425
532 705
537 857
905 497
47 452
115 754
13 69
383 461
169 351
387 272
809 271
719 276
737 935
157 667
361 368
880 916
885 173
284 437
90 705
550 609
794 844
850 199
491 531
590 829
774 230
975 333
278 663
119 767
245 544
157 478
234 307
162 436
127 524
78 64
603 244
211 609
358 720
567 388
519 33
671 378
931 457
381 258
972 683
440 806
81 78
375 804
727 179
987 542
533 502
256 334
976 189
833 580
371 645
66 429
798 906
217 815
32 437
113 974
648 559
740 189
977 805
975 822
428 731
967 902
768 344
181 829
441 672
26 894
7 657
359 982
341 71
695 726
215 594
843 781
614 275
756 822
501 468
200 872
458 372
701 523
299 620
940 837
861 399
806 125
759 387
477 809
443 633
155 45
467 367
857 955
77 480
771 359
735 958
445 316
108 154
550 449
616 605
467 77
840 721
110 983
127 31
383 481
165 830
260 518
373 187
598 588
691 218
101 513
857 631
240 607
336 926
379 561
362 78
749 850
823 207
384 292
520 752
850 171
10 418
447 715
214 706
569 945
806 902
459 954
393 651
780 785
712 935
931 135
436 751
210 300
86 635
549 850
738 886
744 487
312 275
590 170
648 749
778 16
800 568
450 225
488 436
489 669
4 728
243 426
929 117
766 802
659 348
933 581
152 960
73 815
636 2
484 791
915 55
536 768
384 573
102 890
247 16
543 967
749 174
34 565
203 86
666 866
276 746
527 115
948 164
536 990
386 733
193 379
351 231
282 922
620 300
52 768
182 883
784 628
359 306
922 682
99 231
212 462
86 483
80 712
378 805
110 378
628 965
754 648
684 823
848 717
944 867
634 82
909 66
69 229
73 226
291 823
457 3
314 764
386 1
999 255
433 26
465 859
616 214
121 351
504 81
641 654
605 588
608 839
861 107
75 698
261 693
500 901
546 517
418 880
858 52
827 20
426 647
420 248
767 982
660 508
827 389
367 452
243 74
873 215
558 279
124 735
215 240
599 459
769 12
963 210
994 776
642 933
651 945
446 940
177 554
986 256
253 287
271 928
938 431
298 782
9 243
155 907
636 320
820 911
696 661
294 338
405 667
959 68
526 601
648 999
66 4
912 812
787 28
934 413
772 328
791 72
726 19
530 262
933 859
920 618
240 664
731 78
92 810
91 665
717 581
9 670
321 924
140 496
914 139
661 910
810 328
848 907
64 406
943 116
198 694
541 668
416 743
908 892
250 268
288 545
706 523
835 949
732 527
942 26
37 315
40 465
738 152
481 161
634 473
304 422
175 429
297 599
887 878
525 423
451 422
569 783
453 67
3 389
866 679
62 928
949 732
718 283
385 69
974 129
63 610
634 554
211 727
487 514
911 605
125 639
647 250
79 468
529 735
433 723
920 236
152 22
603 375
289 899
396 929
453 656
898 575
739 663
629 535
263 716
211 930
450 182
487 881
589 137
804 772
447 199
786 591
164 975
424 916
722 637
834 835
48 596
547 282
238 171
557 589
891 143
393 232
913 481
697 442
915 111
330 693
347 625
386 611
612 35
868 181
972 219
131 461
683 776
901 209
192 813
445 53
229 718
655 486
514 790
550 248
878 725
786 24
494 738
839 963
17 103
94 87
645 365
922 738
80 513
815 93
891 715
307 298
809 108
248 466
650 570
770 833
240 971
774 889
900 716
758 136
856 128
486 975
931 686
844 929
738 188
991 530
500 223
598 656
984 740
915 505
862 261
495 996
477 313
392 997
926 614
374 931
513 387
182 278
385 48
871 222
988 4
432 117
141 595
386 776
2 827
702 856
849 388
564 921
826 833
747 485
77 355
399 384
388 663
794 702
120 311
711 939
931 379
915 323
293 798
37 996
244 308
828 977
137 738
898 515
276 147
928 578
217 701
570 251
38 957
475 885
630 827
194 151
363 756
833 500
850 554
122 15
599 229
712 471
824 241
753 317
845 357
350 925
939 224
958 92
778 302
484 707
527 489
252 359
916 688
956 613
403 609
156 770
375 363
606 509
623 449
809 797
402 221
757 639
978 892
425 4
722 786
50 659
649 630
182 916
496 456
701 136
998 324
922 599
529 287
213 862
252 948
678 184
681 228
645 321
98 46
989 548
890 50
726 660
490 708
364 301
849 907
576 845
879 74
631 745
230 642
766 592
681 390
666 370
443 951
64 384
404 970
45 936
376 1
382 59
20 538
112 523
337 490
173 4
528 29
894 214
434 624
992 74
684 656
244 431
281 163
889 822
286 332
380 703
510 302
959 612
245 515
160 651
492 816
861 345
681 979
461 107
941 289
300 431
738 887
958 572
246 882
707 252
214 284
470 138
129 930
497 808
738 998
483 493
928 622
215 930
80 111
464 37
720 159
703 46
393 215
418 369
175 291
241 13
646 314
830 423
925 401
273 778
459 35
901 152
139 929
981 938
817 953
892 347
454 858
627 440
905 302
100 934
728 327
748 890
916 938
351 887
248 556
178 235
800 499
605 560
914 311
847 759
294 733
79 665
10 666
934 553
880 96
164 185
866 975
154 499
616 698
451 687
359 14
164 8
614 512
226 449
407 884
748 318
508 699
839 913
130 27
349 389
595 469
301 34
213 694
423 881
274 858
27 574
659 993
793 107
405 117
614 253
453 185
34 321
846 480
958 766
449 990
836 222
910 893
837 291
54 55
318 744
284 520
195 127
358 764
517 566
373 588
745 45
642 597
57 499
756 683
781 978
410 913
323 336
416 350
164 980
293 520
511 727
350 571
655 204
198 767
803 555
865 914
20 455
830 496
501 550
599 173
656 97
540 829
136 171
89 205
422 209
373 653
299 550
401 74
593 574
978 836
960 711
722 986
317 86
753 944
292 308
554 163
616 504
874 644
197 369
469 508
416 760
94 11
666 648
784 224
615 671
644 477
640 823
692 587
434 839
110 908
33 515
115 566
908 163
124 824
140 53
549 351
73 110
495 963
118 558
286 490
275 919
774 149
932 271
555 700
367 362
205 379
689 54
563 621
141 703
538 821
595 188
427 862
83 623
394 109
358 298
875 604
508 131
242 724
628 188
918 584
104 880
604 165
417 181
1 123
892 443
846 158
423 123
100 452
711 740
437 427
132 479
449 373
640 26
418 456
531 864
473 488
240 429
510 909
423 814
635 788
212 579
503 220
585 671
90 355
274 26
380 504
570 536
809 800
717 919
166 103
460 384
578 127
638 490
166 246
28 243
32 246
490 606
723 516
729 155
571 712
539 150
886 67
397 799
156 734
583 161
16 425
201 995
255 48
900 717
80 800
760 477
776 578
409 159
541 862
525 121
478 952
747 41
434 762
236 562
111 582
644 601
921 244
101 636
73 411
845 621
662 45
387 577
335 831
710 857
438 60
21 12
993 843
350 602
764 754
777 759
758 740
765 152
784 505
750 564
987 130
860 140
589 330
924 890
646 787
998 262
747 514
452 430
31 33
534 676
299 21
946 968
124 486
200 430
661 303
76 321
645 544
189 574
86 942
358 899
753 419
716 305
2 349
170 157
274 620
983 261
768 6
275 186
208 887
246 723
427 407
545 40
657 566
198 598
109 754
773 104
134 530
39 113
713 704
808 452
611 25
403 572
26 385
632 988
948 802
605 555
986 607
473 896
827 721
166 365
153 514
139 755
696 488
809 79
575 912
889 505
140 159
583 133
162 931
887 994
753 602
594 606
442 403
577 340
255 967
28 612
143 853
866 778
558 172
705 392
154 190
541 802
690 476
429 8
107 370
297 686
997 581
45 56
90 675
144 279
285 871
520 754
815 56
339 468
180 976
353 752
998 192
125 108
487 581
680 391
917 102
651 6
817 274
46 572
177 691
162 73
872 318
926 31
730 644
798 881
587 789
147 340
294 421
730 52
150 857
835 67
734 855
594 884
424 990
830 330
962 322
981 742
618 736
307 907
255 961
633 234
990 738
707 313
887 141
250 666
708 663
731 734
680 604
143 324
916 964
739 251
959 998
530 194
344 81
52 770
952 784
735 15
140 349
655 334
348 536
559 162
869 838
947 132
567 759
291 936
723 941
615 715
359 9
492 223
296 547
67 990
828 487
188 774
525 385
935 806
131 766
978 455
542 732
624 467
272 440
898 295
784 264
906 651
379 687
694 314
698 809
29 750
938 926
245 998
871 886
734 374
231 535
789 79
523 31
652 736
160 519
529 642
324 282
732 399
252 563
366 245
519 107
668 679
299 204
962 388
673 863
926 123
417 25
989 649
354 692
138 853
548 664
623 68
368 632
422 357
596 944
861 566
9 192
387 214
752 734
920 846
134 440
484 821
692 498
52 81
255 586
403 297
994 25
596 662
243 678
562 802
47 862
123 460
364 79
513 626
647 843
886 811
209 41
618 777
683 959
317 85
415 568
843 53
79 719
144 772
992 600
899 244
222 221
173 391
725 170
840 668
605 388
182 639
697 969
202 105
420 32
649 558
945 455
84 917
641 974
515 53
643 8
295 773
245 390
62 836
746 765
748 291
164 374
682 153
116 916
735 551
477 211
867 631
816 451
193 644
797 373
969 43
552 477
704 589
942 246
727 612
43 153
272 420
291 384
882 290
912 283
372 221
817 120
604 384
497 516
479 764
780 987
238 365
663 910
243 217
405 874
924 654
851 406
110 299
113 709
440 275
665 350
64 851
472 612
840 680
738 943
812 362
120 724
930 253
949 15
131 916
977 830
206 536
523 374
906 370
670 235
32 331
488 285
513 700
273 695
327 508
61 688
464 1
755 129
786 633
126 910
829 715
502 925
881 701
235 754
655 480
182 910
331 180
114 572
316 192
227 487
320 131
602 281
839 20
57 676
187 597
155 243
111 303
655 560
362 405
877 498
715 411
311 460
61 229
135 546
601 464
454 476
871 357
452 821
386 199
371 447
830 666
300 897
463 471
49 391
124 861
766 276
880 919
794 107
897 866
828 286
336 580
603 518
519 380
207 24
664 817
443 454
376 931
740 108
656 693
918 934
586 570
772 831
100 362
413 147
859 975
915 977
111 106
781 734
426 270
392 434
301 702
217 643
831 242
265 21
375 214
518 290
88 575
206 160
772 371
534 84
938 135
959 239
622 47
741 944
843 782
401 247
919 621
976 365
632 767
734 692
311 669
442 860
636 846
127 341
312 660
15 236
505 165
348 565
563 202
412 550
805 9
292 476
847 642
563 712
266 755
781 16
85 77
741 614
625 406
330 250
315 130
195 517
460 873
62 653
513 258
496 239
187 460
280 602
353 932
117 131
871 30
895 404
24 607
137 832
559 717
286 291
568 880
660 412
236 934
349 766
831 717
817 55
943 723
34 315
327 866
883 237
694 206
474 293
249 332
849 375
334 201
228 884
466 961
286 108
16 624
842 676
758 703
629 604
30 81
159 631
608 361
185 8
556 9
59 547
551 292
356 103
540 41
259 926
132 400
868 922
595 706
430 952
692 360
674 207
894 431
731 386
364 681
160 225
332 79
177 894
289 260
330 632
664 376
260 387
961 266
490 866
402 172
791 586
908 546
80 286
155 492
374 144
670 477
798 534
697 353
471 858
810 192
792 587
260 161
555 594
339 744
356 522
88 936
108 475
883 999
934 161
577 100
356 665
910 142
507 543
606 249
939 650
598 397
487 198
861 981
387 476
946 117
876 246
842 34
607 358
866 956
225 44
16 1
914 614
699 260
257 873
836 939
729 541
141 439
140 267
420 370
527 937
387 523
230 25
517 63
89 879
254 147
593 962
779 394
193 985
675 77
215 284
868 634
153 379
525 755
105 82
147 405
721 776
24 456
116 886
355 534
465 74
381 458
447 121
354 669
508 232
716 517
54 164
607 984
837 545
228 255
500 580
618 291
655 602
214 318
896 59
574 526
785 910
668 727
851 731
111 275
389 99
645 522
393 96
858 116
259 523
995 309
459 561
407 496
155 347
87 152
469 55
803 779
311 852
358 162
904 82
317 483
433 750
930 666
970 479
271 406
990 794
387 141
226 959
616 363
786 580
805 495
273 22
899 870
592 500
904 944
585 589
450 27
293 172
739 500
283 330
925 951
895 249
662 842
386 113
244 813
335 406
194 832
675 557
184 868
645 697
150 9
922 990
540 385
745 657
176 660
874 311
984 267
586 67
435 597
310 323
331 676
780 103
893 746
819 763
987 621
510 10
956 288
25 66
227 868
943 538
676 935
736 154
440 583
295 507
797 917
653 465
358 345
30 905
414 479
8 794
336 647
353 575
963 290
250 929
897 80
536 272
954 35
651 65
413 142
412 56
539 992
388 988
979 573
764 829
447 115
214 346
159 591
641 196
915 805
609 584
521 446
808 749
156 455
673 235
909 535
996 111
924 988
503 41
320 725
694 754
232 675
205 761
904 272
468 590
617 487
998 676
782 337
116 52
199 193
477 575
688 534
543 920
605 803
252 717
273 976
481 661
657 874
565 353
473 825
43 635
338 649
644 7
170 650
329 607
891 716
749 294
397 145
478 324
482 795
460 838
581 398
236 669
753 525
900 606
98 730
432 266
162 639
434 760
935 792
476 67
3 341
515 969
563 540
289 608
72 880
519 750
651 318
119 763
428 252
528 210
175 785
15 556
879 301
606 559
976 516
632 102
278 538
686 391
195 168
231 606
825 737
252 570
702 697
405 909
246 789
962 602
923 960
603 340
566 88
8 532
902 321
458 700
755 190
119 828
902 201
794 974
190 207
85 507
109 261
492 403
649 382
812 734
760 599
372 869
838 858
983 263
87 306
694 734
508 140
648 930
631 305
24 90
790 776
94 389
725 301
657 965
711 270
967 160
91 597
903 952
494 689
924 117
925 684
134 263
930 706
571 776
682 419
44 904
528 965
217 280
230 619
306 30
19 639
905 610
623 902
884 646
888 705
321 736
213 558
25 280
135 737
945 159
728 857
432 310
37 577
115 865
261 186
262 430
71 870
607 134
684 659
956 488
544 905
319 440
747 309
548 162
625 977
220 467
646 936
756 13
323 620
413 852
362 876
551 594
770 279
917 100
618 445
452 381
608 251
238 298
756 291
6 92
923 940
418 300
437 112
898 738
385 477
119 402
670 6
161 82
195 418
539 910
829 959
428 548
808 870
844 156
39 450
243 607
890 558
636 30
715 455
743 312
821 188
697 390
242 349
298 219
27 395
178 565
614 625
278 730
808 644
806 179
130 944
882 781
630 599
652 781
174 569
670 450
966 89
288 204
752 481
308 263
517 437
259 349
264 165
415 582
36 649
938 813
903 813
961 196
964 985
36 792
848 562
897 601
64 193
544 219
970 237
700 470
887 608
781 51
13 393
876 247
37 259
120 325
496 747
830 704
407 881
176 745
987 659
667 805
154 162
49 462
20 569
311 74
115 893
462 210
779 316
463 319
529 981
533 773
883 320
439 806
1 777
926 716
193 984
713 129
738 564
6 798
55 359
718 221
495 108
794 757
29 840
512 302
585 296
815 946
68 769
823 659
55 221
994 787
762 568
247 317
428 633
52 317
939 15
751 994
754 2
661 470
565 91
389 243
138 949
365 896
217 916
521 204
544 315
119 5
66 179
568 177
460 415
354 246
118 327
635 107
800 4
303 179
327 201
19 360
922 500
652 640
815 212
598 204
231 429
506 156
292 311
511 909
630 349
758 390
710 293
816 95
753 774
188 87
175 331
583 190
235 84
731 843
952 524
666 262
335 401
912 138
309 886
554 595
495 607
541 887
151 768
225 184
784 731
281 126
923 443
177 741
529 800
77 476
403 713
182 965
888 471
228 600
870 155
121 488
733 177
701 595
500 788
661 772
448 743
819 920
465 490
966 537
626 710
36 470
668 999
979 734
771 930
831 506
559 843
284 623
257 387
930 25
627 65
494 72
332 803
258 922
189 678
964 296
361 870
418 340
39 164
632 408
850 691
837 951
938 286
726 337
784 130
208 558
152 726
407 422
82 875
929 930
751 887
943 321
35 860
17 313
824 55
221 569
991 53
778 616
602 372
855 522
714 618
246 669
772 78
576 583
739 53
781 336
729 111
506 898
216 14
468 116
537 973
735 982
829 141
408 663
481 487
227 711
356 801
658 887
40 34
314 705
528 279
66 714
476 173
876 833
706 922
781 134
278 202
533 603
884 833
337 386
340 755
414 286
187 128
297 704
10 395
764 670
177 426
309 669
978 28
872 551
755 23
599 716
586 331
325 81
508 307
346 402
571 87
777 756
634 957
456 620
432 855
984 804
953 283
464 184
603 343
324 348
200 322
402 642
741 493
697 143
845 63
114 11
367 847
647 265
119 318
366 913
661 413
777 176
794 894
983 262
215 760
592 113
955 801
317 328
527 501
624 546
659 37
695 803
511 662
347 593
520 381
902 635
327 662
13 928
530 330
948 205
812 908
762 803
193 228
673 306
877 654
969 587
434 888
256 830
18 485
760 948
887 377
598 244
710 466
353 85
387 566
772 177
888 996
61 150
800 298
840 839
268 464
687 184
397 180
973 187
292 478
648 334
673 172
156 573
777 144
148 765
443 971
118 843
322 836
144 108
308 791
917 687
595 317
188 893
889 216
359 196
822 740
75 661
421 993
134 488
569 843
862 628
843 659
428 82
598 914
243 556
937 602
651 170
104 685
500 19
788 257
521 650
314 136
979 662
820 658
388 518
452 397
881 565
404 360
635 514
301 672
820 944
821 409
842 900
440 444
388 804
503 99
787 406
428 692
506 308
911 57
329 725
57 806
298 216
65 243
612 857
626 436
455 34
66 223
599 491
782 185
967 135
914 17
53 451
290 791
40 958
627 994
921 859
305 526
450 721
877 150
143 758
246 79
925 544
730 392
625 342
972 509
41 165
499 609
390 784
429 822
1 367
799 89
452 617
307 358
201 815
24 880
459 611
46 344
447 854
636 673
487 81
775 532
23 211
62 687
312 775
819 368
568 560
443 68
245 336
338 146
505 643
839 546
258 371
486 324
962 991
154 768
84 705
606 714
850 136
922 269
875 743
988 30
913 259
486 471
879 356
586 955
81 239
524 303
928 672
552 544
722 368
724 742
543 354
584 401
732 313
534 611
574 524
704 794
355 758
787 829
158 279
769 338
113 824
919 832
673 190
12 968
200 632
510 917
905 3
941 965
771 89
341 137
380 353
185 373
170 483
317 368
946 576
394 747
217 4
240 355
627 593
155 458
709 815
526 239
116 880
271 400
693 389
388 348
246 56
127 367
218 521
572 488
934 195
937 61
773 847
957 34
852 840
515 792
795 144
724 386
908 889
982 590
931 552
507 682
679 746
567 581
992 953
6 703
649 700
823 364
790 95
830 10
585 143
952 403
641 749
552 448
258 343
378 791
496 837
817 396
492 729
983 840
175 895
348 675
508 999
785 872
755 902
371 913
229 83
621 977
417 73
510 580
135 323
138 229
354 815
751 35
310 943
906 238
998 632
46 853
548 703
53 71
474 172
203 934
117 820
744 343
934 980
459 346
720 91
114 454
460 222
958 165
295 48
618 950
657 590
531 981
75 497
956 606
5 390
139 924
804 922
217 96
270 26
423 520
321 962
411 393
821 917
915 336
39 632
155 600
670 682
657 249
913 151
843 210
607 117
717 757
187 598
403 917
969 34
575 747
541 391
838 331
658 229
198 42
739 274
499 601
249 2
990 335
931 708
269 981
295 815
809 224
222 847
277 288
500 181
48 685
998 35
377 166
70 131
110 940
644 694
705 416
118 671
999 2
452 839
606 864
510 85
844 813
64 327
799 367
802 589
71 892
310 476
278 830
837 453
472 910
343 284
551 731
573 307
371 79
85 837
150 236
589 501
665 29
189 999
478 928
119 618
103 525
569 633
256 38
111 6
883 89
59 683
956 346
190 403
904 283
893 48
949 846
931 463
584 734
916 488
721 112
980 336
449 341
225 251
949 96
623 121
555 233
313 262
226 545
356 172
947 579
489 965
734 921
797 171
899 740
989 912
259 581
854 22
748 621
290 626
751 650
708 703
274 79
806 228
97 534
888 775
65 48
943 469
458 193
187 517
95 244
139 870
238 735
503 627
291 547
553 404
865 410
4 324
443 748
316 86
101 984
411 330
767 279
130 494
493 847
675 534
788 863
38 889
218 995
809 220
439 393
524 881
961 905
107 473
128 610
221 329
222 954
371 412
964 819
245 379
603 857
984 709
523 698
876 435
457 843
716 826
923 610
768 545
987 599
663 380
885 316
776 832
486 345
968 424
876 593
110 533
861 291
827 127
524 181
324 403
290 31
547 77
328 805
955 384
663 947
81 19
816 970
10 17
346 137
163 629
717 390
259 882
595 598
191 35
854 737
157 79
284 374
786 912
480 720
471 640
815 623
507 212
21 962
294 841
924 181
527 456
717 970
34 76
515 513
274 497
536 548
611 424
815 306
855 717
536 361
429 932
235 989
861 929
622 653
442 593
465 848
706 654
155 188
122 441
387 99
417 917
535 401
918 283
577 411
909 867
502 388
201 959
998 425
297 492
425 551
413 754
501 801
733 393
201 8
112 477
45 903
619 46
602 784
537 343
816 426
466 239
604 265
20 682
583 226
387 925
395 390
344 710
702 789
858 575
489 432
668 780
185 926
615 361
638 986
141 888
971 709
203 607
564 558
579 264
689 376
484 76
141 969
842 854
519 244
264 640
119 368
284 299
674 127
298 546
755 376
403 79
80 64
742 598
212 965
134 387
731 483
958 142
56 24
238 768
954 561
385 842
705 893
703 222
796 428
392 58
873 551
820 90
490 837
865 887
222 276
313 536
778 626
782 154
826 870
847 944
902 723
622 708
754 452
634 158
933 8
458 104
520 227
260 934
841 425
400 33
790 370
260 731
558 782
398 735
527 646
722 609
71 522
274 808
205 532
862 329
136 857
656 16
89 991
606 788
737 91
671 984
766 478
949 550
372 887
733 143
366 968
521 999
542 591
926 302
582 444
287 848
201 407
276 423
940 126
28 737
910 802
944 200
393 854
157 277
160 551
90 808
806 674
972 702
367 196
884 338
388 991
635 604
447 124
530 672
547 770
290 297
988 688
315 966
462 539
601 717
29 76
711 624
694 838
901 424
939 109
647 692
336 198
246 601
413 350
786 984
968 523
327 504
476 982
354 709
677 514
470 256
83 147
460 302
597 347
523 584
854 122
549 728
234 975
806 249
934 2
312 781
649 178
778 534
705 787
285 550
660 534
865 524
352 953
294 828
867 74
209 788
672 108
505 141
886 994
308 616
863 158
740 683
944 876
959 651
454 65
457 483
576 871
596 362
853 261
654 334
761 686
913 944
810 757
917 536
792 979
13 463
658 900
553 234
481 199
390 763
852 434
378 569
325 478
552 46
845 663
905 239
248 37
908 467
196 333
549 463
906 764
135 226
480 383
571 248
802 779
296 522
153 391
676 853
182 10
632 105
278 537
154 539
432 841
987 153
882 465
590 38
688 26
111 118
29 959
640 76
553 829
475 843
935 704
450 7
325 974
959 565
848 126
521 296
95 137
498 827
65 868
857 151
860 717
147 396
914 539
4 769
367 559
511 919
51 294
714 682
345 5
18 229
676 647
467 534
660 699
348 606
863 476
834 242
138 685
71 249
401 21
334 853
226 98
302 311
53 645
566 852
438 701
944 776
961 878
744 522
213 969
16 379
400 218
873 55
300 579
122 277
766 602
982 631
508 830
7 465
700 444
32 612
969 389
435 609
205 587
13 324
187 49
997 576
192 489
638 370
966 325
229 153
723 464
135 198
981 260
843 328
309 767
861 290
110 515
975 302
11 176
483 676
409 777
466 810
716 910
236 832
555 520
385 304
564 599
48 470
30 202
486 440
57 360
55 653
183 504
741 446
500 620
621 920
893 211
659 391
989 672
369 287
955 496
523 212
161 11
81 316
907 706
752 695
159 657
39 511
808 394
891 220
712 505
566 500
313 402
497 413
468 746
179 377
645 611
652 776
252 169
925 284
428 980
291 736
274 494
155 401
265 753
51 32
731 578
239 911
539 311
753 799
257 722
645 431
80 719
409 399
652 509
869 833
946 954
731 434
752 81
222 885
540 266
836 753
672 370
800 423
32 297
297 571
454 280
280 523
151 280
390 560
391 265
983 723
268 212
932 51
111 532
311 214
701 874
315 19
23 834
111 645
620 199
629 248
335 845
84 707
803 971
296 563
962 844
157 494
28 922
340 932
760 103
832 564
372 373
134 454
803 405
399 454
684 548
111 968
719 777
777 562
584 4
72 504
254 960
310 308
702 628
668 700
765 460
616 934
94 772
55 518
441 918
794 914
928 136
56 827
54 474
419 210
773 376
834 886
941 946
655 836
561 672
955 762
952 100
812 573
129 387
114 307
578 482
7 726
691 641
126 998
142 75
952 211
165 298
900 147
848 868
890 291
999 711
284 232
740 485
36 601
476 640
330 731
84 333
839 47
843 40
524 581
282 872
13 200
382 953
473 963
331 493
886 121
580 828
429 792
122 474
529 106
554 975
45 712
758 538
585 45
995 544
983 759
897 744
36 108
865 28
738 258
991 948
409 54
379 864
779 349
250 715
590 809
352 151
775 937
747 510
992 487
405 772
816 181
340 815
20 941
39 605
945 864
30 2
675 850
90 809
586 658
110 300
829 770
242 988
828 955
462 745
380 50
860 452
474 59
619 583
441 946
632 411
855 195
787 355
181 944
960 893
775 386
191 203
566 269
808 801
769 557
403 475
977 834
711 401
753 155
648 793
209 617
322 264
380 502
203 23
518 706
59 870
798 594
13 778
70 709
1 962
131 323
294 829
867 77
117 374
231 466
412 680
65 403
438 680
801 568
966 146
678 230
365 537
39 856
979 357
691 89
69 277
330 195
828 70
319 199
226 272
174 48
522 312
749 580
326 799
863 959
206 449
755 94
283 584
306 299
435 693
148 570
974 970
723 70
135 844
799 229
323 692
383 178
380 547
641 719
396 655
604 876
788 761
145 905
620 612
822 424
272 532
680 401
129 189
862 953
812 150
704 567
310 995
428 143
107 968
346 659
628 158
868 836
158 179
414 217
399 175
4 605
738 989
298 830
986 451
470 208
938 571
267 582
787 383
570 885
399 77
402 931
954 660
646 198
929 978
114 22
716 446
792 342
960 968
868 336
299 424
1000 360
48 853
327 253
535 568
1000 203
60 408
557 844
65 54
374 56
32 185
930 734
957 247
5 666
562 713
875 402
195 804
74 447
630 152
800 301
821 649
771 508
495 690
889 387
248 501
834 885
605 455
762 226
693 932
503 768
605 376
328 284
164 494
899 465
373 308
211 457
728 861
317 570
434 795
22 499
802 623
784 174
489 184
359 841
680 367
989 251
666 142
595 28
922 308
923 533
250 771
90 604
141 624
241 664
183 213
77 370
319 849
513 130
879 333
628 67
741 300
278 570
216 921
610 383
860 366
399 274
208 269
461 530
266 485
695 348
128 462
739 724
112 569
871 703
765 408
983 449
772 574
354 541
928 998
855 139
294 185
721 227
557 637
299 277
228 437
820 209
898 947
848 234
703 164
338 920
47 832
963 715
329 683
331 21
616 229
174 573
513 505
17 262
346 634
576 531
299 576
196 812
236 29
293 34
855 911
351 892
613 617
398 935
348 534
204 594
478 369
808 934
83 355
445 344
925 942
967 311
308 976
790 340
792 925
79 791
410 96
92 642
81 663
317 527
675 645
268 213
586 40
555 939
735 713
874 367
134 722
405 13
742 302
12 161
965 197
948 949
491 748
186 156
135 37
258 656
557 12
885 399
979 710
110 455
55 355
332 932
149 234
560 143
924 672
524 298
963 218
820 625
927 831
381 337
142 162
898 595
422 701
78 307
841 523
146 691
458 865
76 304
775 264
835 37
11 423
345 305
670 241
569 2
181 972
990 594
124 920
958 256
100 156
781 685
18 155
631 245
522 795
482 460
669 984
178 981
434 427
52 974
330 744
611 377
283 178
851 493
928 77
895 561
606 444
933 212
131 358
518 630
571 877
799 831
195 879
568 403
625 230
919 374
985 201
140 383
208 940
554 829
723 990
282 152
957 88
676 488
839 844
217 453
678 330
681 438
351 630
687 232
466 284
892 826
567 582
325 87
418 603
400 946
553 140
202 482
884 762
300 923
297 207
378 547
822 560
272 252
510 60
572 47
899 297
738 259
379 438
129 413
580 610
676 93
328 163
951 453
396 834
848 532
196 506
234 181
931 105
163 243
680 295
510 286
846 340
63 618
724 944
380 766
533 150
384 147
936 576
976 541
243 46
758 659
45 284
447 408
103 490
585 383
91 482
917 152
315 762
979 595
931 468
823 834
636 269
720 848
32 432
314 417
354 594
446 162
570 862
552 253
359 852
837 836
717 174
242 270
302 716
838 898
644 351
458 502
48 938
142 36
694 529
808 576
619 654
514 750
643 430
169 27
830 832
138 872
815 244
448 462
981 220
252 936
183 622
274 326
442 676
460 669
390 844
545 36
815 101
504 981
156 678
839 163
205 959
365 536
519 801
879 775
900 692
443 778
376 382
698 695
459 220
391 336
233 420
196 312
352 86
794 117
922 174
432 414
14 888
831 727
11 978
675 443
36 359
165 487
811 555
817 158
391 903
516 824
276 69
538 784
980 685
413 252
896 218
842 650
992 371
149 290
902 416
119 532
689 309
820 553
858 356
90 778
829 805
168 996
650 424
232 55
823 727
578 662
941 616
432 568
548 734
812 731
657 670
696 964
702 254
695 831
57 895
118 272
394 686
752 506
19 311
886 789
265 731
484 553
213 245
365 474
694 834
939 535
616 424
203 272
4 327
596 281
527 949
732 681
370 934
442 555
39 895
338 392
675 539
379 649
867 822
22 150
885 118
705 272
102 320
948 700
37 507
477 228
650 982
157 742
892 977
823 337
989 73
37 588
524 82
796 751
466 6
638 368
464 590
701 274
788 559
606 722
129 510
612 875
349 347
794 504
23 542
816 272
943 729
103 332
231 667
842 460
440 516
702 784
509 902
189 776
228 882
358 757
529 671
453 719
681 868
556 112
368 800
635 681
707 228
773 497
721 960
427 189
263 467
345 468
842 896
350 583
795 758
958 774
742 937
781 823
711 570
69 516
310 517
685 583
872 82
216 470
553 569
401 324
105 989
393 296
857 339
216 325
307 174
109 6
763 182
77 616
596 744
632 801
869 540
302 631
798 536
550 169
38 413
477 659
904 11
706 491
427 899
486 579
70 770
326 408
273 44
564 704
674 764
251 711
737 624
535 317
520 202
979 491
373 68
658 147
383 63
439 377
649 571
779 964
321 602
667 396
54 592
770 769
844 914
704 5
120 844
858 966
395 844
839 270
991 594
500 31
961 539
301 26
28 758
485 207
625 662
827 559
704 291
687 410
301 171
563 744
313 19
110 581
148 354
224 984
520 661
47 725
82 26
999 293
768 703
897 317
436 549
736 99
20 804
537 118
702 792
82 429
746 68
30 149
987 338
434 962
688 85
87 77
452 350
360 18
668 976
480 527
483 416
507 294
793 431
371 727
63 53
341 947
270 369
697 203
552 834
939 791
665 613
995 426
405 674
194 215
180 102
237 147
865 938
954 589
976 13
562 842
82 896
929 921
750 51
184 208
173 828
924 932
484 643
88 876
51 352
593 31
454 815
290 964
972 168
977 518
317 509
891 984
14 7
382 733
678 432
114 531
613 571
282 967
139 850
178 820
914 128
109 780
937 33
757 928
120 539
482 158
835 670
196 912
677 175
202 687
731 976
168 113
294 753
596 337
559 79
42 402
448 129
412 612
706 937
849 971
442 483
60 22
776 479
889 442
525 252
783 80
925 802
675 723
583 330
239 752
115 574
520 964
405 334
338 227
469 855
59 199
900 572
82 220
979 22
638 313
305 123
306 404
845 577
340 644
663 304
478 686
304 189
590 417
72 169
110 609
92 52
954 203
245 594
660 845
641 387
419 301
59 786
462 461
693 607
609 352
315 765
778 255
581 778
985 913
946 988
157 131
358 524
586 739
882 138
933 969
964 420
363 771
988 546
461 414
320 734
617 344
782 424
712 420
329 768
384 591
190 55
897 872
621 273
270 111
536 833
895 583
507 782
833 178
955 904
834 237
429 711
891 996
142 377
986 976
91 764
246 24
215 419
196 869
910 217
92 950
701 236
648 456
226 204
853 242
122 397
930 922
883 850
19 617
425 834
615 699
395 950
619 726
630 92
813 660
562 404
193 607
857 752
434 867
346 641
529 632
706 68
189 479
325 591
32 714
589 830
409 16
671 808
693 864
31 137
862 609
439 244
847 235
776 680
637 643
68 130
931 4
146 820
914 842
457 909
169 211
888 103
444 669
410 541
233 86
200 929
366 858
132 758
409 675
155 384
292 680
323 242
783 531
220 666
834 666
802 124
328 747
755 132
570 471
30 286
731 447
271 16
77 865
777 187
246 696
657 669
834 285
398 397
147 911
403 505
958 69
181 273
464 761
694 579
273 805
200 771
374 143
490 920
753 22
644 195
312 812
477 654
133 322
943 465
265 730
104 462
624 773
255 361
865 557
691 409
126 542
863 255
278 291
192 32
320 21
268 461
876 122
164 142
202 89
148 942
867 329
973 789
732 601
568 379
163 334
734 251
581 364
12 89
130 12
942 87
617 97
306 461
496 931
996 804
103 254
897 839
901 887
64 726
428 79
966 234
512 570
34 306
401 989
669 515
572 822
439 841
353 520
979 812
836 227
233 50
620 586
435 990
295 270
336 325
832 602
963 224
929 432
965 402
159 495
402 592
261 283
725 806
872 294
526 409
717 386
576 263
744 352
768 39
238 14
935 92
973 233
164 912
778 489
236 261
488 461
679 91
7 606
764 156
544 277
636 139
878 440
592 225
80 277
8 114
869 539
146 160
204 878
328 478
544 499
174 690
70 771
239 754
571 810
457 350
476 558
312 695
331 373
188 474
669 645
230 581
1000 612
710 307
583 67
236 430
257 727
735 900
701 20
891 650
231 357
841 433
749 744
329 229
731 527
615 707
27 890
525 215
515 961
370 858
120 845
705 484
175 403
72 976
714 99
771 134
964 665
227 992
245 354
801 945
306 497
715 535
220 111
594 860
672 556
474 750
984 750
295 460
978 78
906 691
881 663
710 665
128 799
145 855
738 718
121 560
766 128
197 907
608 46
368 771
370 369
854 551
980 742
62 982
54 191
493 373
935 354
718 86
332 821
738 784
810 177
582 641
205 146
247 315
466 702
234 674
7 660
418 445
147 233
540 528
96 781
725 540
337 683
47 512
322 1
432 705
604 623
809 529
612 418
375 4
539 394
518 330
303 200
964 758
87 609
921 905
167 393
578 16
501 335
48 799
325 529
363 354
400 488
645 238
43 532
463 903
681 154
347 954
131 249
216 295
999 934
126 598
507 560
40 189
331 494
95 345
23 44
672 290
896 918
40 76
187 303
4 431
425 758
101 877
780 702
168 144
995 549
983 752
909 237
396 384
608 654
495 970
296 756
366 605
513 302
883 290
922 334
24 269
297 895
119 748
826 834
487 564
272 555
931 241
115 125
780 979
855 265
675 255
716 977
474 484
517 640
603 321
935 262
369 331
684 6
670 49
910 576
208 102
246 546
768 216
932 859
756 519
775 511
802 315
911 207
751 780
556 750
942 819
817 798
173 657
584 767
605 907
986 191
96 969
190 903
193 97
982 419
431 411
34 627
950 909
339 568
377 365
13 775
680 540
57 579
943 94
26 434
959 550
545 982
892 523
786 408
697 531
202 211
259 40
244 618
241 467
763 286
507 732
420 253
404 730
667 922
229 87
689 572
122 509
1 530
23 161
814 148
675 718
433 207
235 944
758 817
465 702
652 230
102 309
504 36
909 785
288 805
370 757
975 48
438 672
690 384
629 352
688 909
111 702
222 765
867 744
319 397
525 338
159 212
327 886
984 20
419 379
665 119
577 899
138 465
586 328
713 323
881 801
573 695
498 371
817 237
287 705
590 42
777 591
324 784
780 582
324 346
327 549
698 459
147 323
55 730
259 797
885 871
